0000000   7427
0000002   7427
0000004   7436
0000006   7417
0000010   7630
0000012   7593
0000014   7399
0000016   7390
0000020   7380
0000022   7436
0000024   7242
0000026   7417
0000030   7380
0000032   7316
0000034   7223
0000036   7362
0000040   7399
0000042   7344
0000044   7177
0000046   7399
0000050   9782
0000052  10022
0000054   9994
0000056  10003
0000060   9939
0000062   9976
0000064   9957
0000066   9976
0000070   9985
0000072   9948
0000074   9994
0000076   9966
0000100   9948
0000102   9957
0000104   9957
0000106   9976
0000110   9948
0000112   9957
0000114   9939
0000116  10003
0000120   9948
0000122   9939
0000124   9939
0000126   9948
0000130   9976
0000132   9976
0000134   9957
0000136   9957
0000140   9957
0000142   9948
0000144   9957
0000146   9948
0000150   9966
0000152   9948
0000154   9929
0000156   9966
0000160   9966
0000162   9985
0000164   9948
0000166   9985
0000170   9911
0000172   9976
0000174   9948
0000176   9985
0000200   9976
0000202   9994
0000204   9994
0000206   9985
0000210   9985
0000212   9939
0000214   9957
0000216  10022
0000220   9966
0000222  10022
0000224   9994
0000226   9966
0000230   9939
0000232   9957
0000234   9994
0000236  10012
0000240   9985
0000242   9966
0000244   9994
0000246   8830
0000250   7519
0000252   7731
0000254   7704
0000256   7584
0000260   7159
0000262     -1
0000264     -1
0000266     -1
0000270     -1
0000272     -1
0000274     -1
0000276     -1
0000300     -1
0000302     -1
0000304     -1
0000306     -1
0000310     -1
0000312     -1
0000314     -1
0000316     -1
0000320     -1
0000322     -1
0000324     -1
0000326     -1
0000330     -1
0000332     -1
0000334     -1
0000336     -1
0000340     -1
0000342     -1
0000344     -1
0000346     -1
0000350     -1
0000352     -1
0000354     -1
0000356     -1
0000360     -1
0000362     -1
0000364     -1
0000366     -1
0000370     -1
0000372     -1
0000374     -1
0000376     -1
0000400     -1
0000402     -1
0000404     -1
0000406     -1
0000410     -1
0000412     -1
0000414     -1
0000416     -1
0000420     -1
0000422     -1
0000424     -1
0000426     -1
0000430     -1
0000432     -1
0000434     -1
0000436     -1
0000440     -1
0000442     -1
0000444     -1
0000446     -1
0000450     -1
0000452     -1
0000454     -1
0000456     -1
0000460     -1
0000462     -1
0000464     -1
0000466     -1
0000470     -1
0000472     -1
0000474     -1
0000476     -1
0000500     -1
0000502     -1
0000504     -1
0000506     -1
0000510     -1
0000512     -1
0000514     -1
0000516     -1
0000520     -1
0000522     -1
0000524     -1
0000526     -1
0000530     -1
0000532     -1
0000534     -1
0000536     -1
0000540     -1
0000542     -1
0000544     -1
0000546     -1
0000550     -1
0000552     -1
0000554     -1
0000556     -1
0000560     -1
0000562     -1
0000564     -1
0000566     -1
0000570     -1
0000572     -1
0000574     -1
0000576     -1
0000600     -1
0000602     -1
0000604     -1
0000606     -1
0000610     -1
0000612     -1
0000614     -1
0000616     -1
0000620     -1
0000622     -1
0000624     -1
0000626     -1
0000630     -1
0000632     -1
0000634     -1
0000636     -1
0000640     -1
0000642     -1
0000644     -1
0000646     -1
0000650     -1
0000652     -1
0000654     -1
0000656     -1
0000660     -1
0000662     -1
0000664     -1
0000666     -1
0000670     -1
0000672     -1
0000674     -1
0000676     -1
0000700     -1
0000702     -1
0000704     -1
0000706     -1
0000710     -1
0000712     -1
0000714     -1
0000716     -1
0000720     -1
0000722     -1
0000724     -1
0000726     -1
0000730     -1
0000732     -1
0000734     -1
0000736     -1
0000740     -1
0000742     -1
0000744     -1
0000746     -1
0000750     -1
0000752     -1
0000754     -1
0000756     -1
0000760     -1
0000762     -1
0000764     -1
0000766     -1
0000770     -1
0000772     -1
0000774     -1
0000776     -1
0001000     -1
0001002     -1
0001004     -1
0001006     -1
0001010     -1
0001012     -1
0001014     -1
0001016     -1
0001020     -1
0001022     -1
0001024     -1
0001026     -1
0001030     -1
0001032     -1
0001034     -1
0001036     -1
0001040     -1
0001042     -1
0001044     -1
0001046     -1
0001050     -1
0001052     -1
0001054     -1
0001056     -1
0001060     -1
0001062     -1
0001064     -1
0001066     -1
0001070     -1
0001072     -1
0001074     -1
0001076     -1
0001100     -1
0001102     -1
0001104     -1
0001106     -1
0001110     -1
0001112     -1
0001114     -1
0001116     -1
0001120     -1
0001122     -1
0001124     -1
0001126     -1
0001130     -1
0001132     -1
0001134     -1
0001136     -1
0001140     -1
0001142     -1
0001144     -1
0001146     -1
0001150     -1
0001152     -1
0001154     -1
0001156     -1
0001160     -1
0001162     -1
0001164     -1
0001166     -1
0001170     -1
0001172     -1
0001174     -1
0001176     -1
0001200     -1
0001202     -1
0001204     -1
0001206     -1
0001210     -1
0001212     -1
0001214     -1
0001216     -1
0001220     -1
0001222     -1
0001224     -1
0001226     -1
0001230     -1
0001232     -1
0001234     -1
0001236     -1
0001240     -1
0001242     -1
0001244     -1
0001246     -1
0001250     -1
0001252     -1
0001254     -1
0001256     -1
0001260     -1
0001262     -1
0001264     -1
0001266     -1
0001270     -1
0001272     -1
0001274     -1
0001276     -1
0001300     -1
0001302     -1
0001304     -1
0001306     -1
0001310     -1
0001312     -1
0001314     -1
0001316     -1
0001320     -1
0001322     -1
0001324     -1
0001326     -1
0001330     -1
0001332     -1
0001334     -1
0001336     -1
0001340     -1
0001342     -1
0001344     -1
0001346     -1
0001350     -1
0001352     -1
0001354     -1
0001356     -1
0001360     -1
0001362     -1
0001364     -1
0001366     -1
0001370     -1
0001372     -1
0001374     -1
0001376     -1
0001400     -1
0001402     -1
0001404     -1
0001406     -1
0001410     -1
0001412     -1
0001414     -1
0001416     -1
0001420     -1
0001422     -1
0001424     -1
0001426     -1
0001430     -1
0001432     -1
0001434     -1
0001436     -1
0001440     -1
0001442     -1
0001444     -1
0001446     -1
0001450     -1
0001452     -1
0001454     -1
0001456     -1
0001460     -1
0001462     -1
0001464     -1
0001466     -1
0001470     -1
0001472     -1
0001474     -1
0001476     -1
0001500     -1
0001502     -1
0001504     -1
0001506     -1
0001510     -1
0001512     -1
0001514     -1
0001516     -1
0001520     -1
0001522     -1
0001524     -1
0001526     -1
0001530     -1
0001532     -1
0001534     -1
0001536     -1
0001540     -1
0001542     -1
0001544     -1
0001546     -1
0001550     -1
0001552     -1
0001554     -1
0001556     -1
0001560     -1
0001562     -1
0001564     -1
0001566     -1
0001570     -1
0001572     -1
0001574     -1
0001576     -1
0001600     -1
0001602     -1
0001604     -1
0001606     -1
0001610     -1
0001612     -1
0001614     -1
0001616     -1
0001620     -1
0001622     -1
0001624     -1
0001626     -1
0001630     -1
0001632     -1
0001634     -1
0001636     -1
0001640     -1
0001642     -1
0001644     -1
0001646     -1
0001650     -1
0001652     -1
0001654     -1
0001656     -1
0001660     -1
0001662     -1
0001664     -1
0001666     -1
0001670     -1
0001672     -1
0001674     -1
0001676     -1
0001700     -1
0001702     -1
0001704     -1
0001706     -1
0001710     -1
0001712     -1
0001714     -1
0001716     -1
0001720     -1
0001722     -1
0001724     -1
0001726     -1
0001730     -1
0001732     -1
0001734     -1
0001736     -1
0001740     -1
0001742     -1
0001744     -1
0001746     -1
0001750     -1
0001752     -1
0001754     -1
0001756     -1
0001760     -1
0001762     -1
0001764     -1
0001766     -1
0001770     -1
0001772     -1
0001774     -1
0001776     -1
0002000
od -s -v -w2 data.bin
