0000000      0   8484      1    446
0000010      0   8433      1    445
0000020      0   8426      1    441
0000030      0   8417      1    442
0000040      0   8398      1    441
0000050      0   8410      1    440
0000060      0   8370      1    438
0000070      0   8324      1    439
0000100      0   8357      1    439
0000110      0   8329      1    439
0000120      0   8327      1    438
0000130      0   8345      1    438
0000140      0   8313      1    437
0000150      0   8340      1    439
0000160      0   8359      1    438
0000170      0   8357      1    439
0000200      0   8368      1    438
0000210      0   8327      1    438
0000220      0   8382      1    437
0000230      0   8283      1    437
0000240      0   8302      1    437
0000250      0   8352      1    442
0000260      0   8340      1    443
0000270      0   8359      1    440
0000300      0   8327      1    441
0000310      0   8334      1    439
0000320      0   8345      1    439
0000330      0   8324      1    437
0000340      0   8281      1    438
0000350      0   8294      1    437
0000360      0   8271      1    437
0000370      0   8276      1    437
0000400      0   8253      1    436
0000410      0   7367      1    358
0000420      0   7412      1    360
0000430      0   7435      1    360
0000440      0   7440      1    361
0000450      0   7426      1    362
0000460      0   7493      1    365
0000470      0   7537      1    365
0000500      0   7547      1    366
0000510      0   7586      1    367
0000520      0   7609      1    368
0000530      0   7616      1    369
0000540      0   7623      1    369
0000550      0   7623      1    370
0000560      0   7636      1    370
0000570      0   7682      1    371
0000600      0   7692      1    371
0000610      0   7692      1    372
0000620      0   7689      1    373
0000630      0   7680      1    373
0000640      0   7713      1    374
0000650      0   7694      1    374
0000660      0   7706      1    374
0000670      0   7708      1    374
0000700      0   7694      1    374
0000710      0   7699      1    375
0000720      0   7717      1    375
0000730      0   7703      1    376
0000740      0   7706      1    375
0000750      0   7708      1    376
0000760      0   7724      1    376
0000770      0   7696      1    376
0001000      0   7722      1    377
0001010      0   7698      1    376
0001020      0   7715      1    376
0001030      0   7742      1    376
0001040      0   7740      1    376
0001050      0   7710      1    377
0001060      0   7706      1    377
0001070      0   7687      1    377
0001100      0   7736      1    377
0001110      0   7717      1    377
0001120      0   7740      1    377
0001130      0   7694      1    377
0001140      0   7729      1    378
0001150      0   7726      1    378
0001160      0   7713      1    378
0001170      0   7729      1    378
0001200      0   7736      1    378
0001210      0   7719      1    378
0001220      0   7731      1    378
0001230      0   7715      1    379
0001240      0   7740      1    378
0001250      0   7733      1    378
0001260      0   7731      1    378
0001270      0   7720      1    378
0001300      0   7715      1    378
0001310      0   7715      1    378
0001320      0   7727      1    378
0001330      0   7731      1    379
0001340      0   7699      1    379
0001350      0   7729      1    379
0001360      0   7710      1    379
0001370      0   7729      1    379
0001400      0   7722      1    379
0001410      0   7743      1    380
0001420      0   7724      1    380
0001430      0   7710      1    381
0001440      0   7736      1    381
0001450      0   7775      1    380
0001460      0   8638      1    469
0001470      0   8680      1    471
0001500      0   8678      1    470
0001510      0   8689      1    470
0001520      0   8652      1    469
0001530      0   8671      1    469
0001540      0   8678      1    469
0001550      0   8668      1    469
0001560      0   8680      1    469
0001570      0   8706      1    471
0001600      0   8650      1    471
0001610      0   8645      1    470
0001620      0   8685      1    470
0001630      0   8675      1    472
0001640      0   8668      1    471
0001650      0   8696      1    470
0001660      0   8684      1    470
0001670      0   8692      1    469
0001700      0   8682      1    471
0001710      0   8712      1    470
0001720      0   8684      1    469
0001730      0   8696      1    469
0001740      0   8678      1    469
0001750      0   8664      1    469
0001760      0   8696      1    469
0001770      0   8666      1    469
0002000      0   8680      1    468
0002010      0   8673      1    469
0002020      0   8696      1    469
0002030      0   8634      1    468
0002040      0   8664      1    469
0002050      0   8685      1    469
0002060      0   8694      1    470
0002070      0   8650      1    469
0002100      0   8652      1    468
0002110      0   8671      1    468
0002120      0   8676      1    468
0002130      0   8668      1    469
0002140      0   8701      1    468
0002150      0   8671      1    469
0002160      0   8657      1    469
0002170      0   8682      1    470
0002200      0   8661      1    470
0002210      0   8664      1    471
0002220      0   8661      1    470
0002230      0   8671      1    469
0002240      0   8673      1    470
0002250      0   8705      1    468
0002260      0   8694      1    467
0002270      0   8661      1    467
0002300      0   8671      1    466
0002310      0   8652      1    466
0002320      0   8684      1    465
0002330      0   8643      1    465
0002340      0   8659      1    465
0002350      0   8708      1    465
0002360      0   8680      1    466
0002370      0   8657      1    465
0002400      0   8627      1    464
0002410      0   8714      1    464
0002420      0   8652      1    464
0002430      0   8648      1    464
0002440      0   8641      1    463
0002450      0   8636      1    463
0002460      0   8664      1    463
0002470      0   8666      1    463
0002500      0   8631      1    462
0002510      0   8636      1    462
0002520      0   8613      1    462
0002530      0   8618      1    462
0002540      0   8641      1    461
0002550      0   8631      1    461
0002560      0   8595      1    461
0002570      0   8606      1    460
0002600      0   8620      1    461
0002610      0   8636      1    460
0002620      0   8631      1    460
0002630      0   8613      1    460
0002640      0   8652      1    460
0002650      0   8632      1    459
0002660      0   8636      1    459
0002670      0   8613      1    459
0002700      0   8597      1    459
0002710      0   8611      1    459
0002720      0   8618      1    459
0002730      0   8604      1    459
0002740      0   8608      1    459
0002750      0   8627      1    458
0002760      0   8601      1    458
0002770      0   8613      1    458
0003000      0   8620      1    458
0003010      0   8599      1    458
0003020      0   8615      1    458
0003030      0   8588      1    457
0003040      0   8609      1    457
0003050      0   8590      1    457
0003060      0   8595      1    457
0003070      0   8599      1    457
0003100      0   8608      1    457
0003110      0   8567      1    457
0003120      0   8581      1    457
0003130      0   8590      1    457
0003140      0   8615      1    457
0003150      0   8590      1    456
0003160      0   8569      1    456
0003170      0   8588      1    456
0003200      0   8606      1    456
0003210      0   8588      1    456
0003220      0   8602      1    456
0003230      0   8606      1    456
0003240      0   8574      1    456
0003250      0   8594      1    456
0003260      0   8625      1    456
0003270      0   8588      1    455
0003300      0   8585      1    455
0003310      0   8625      1    455
0003320      0   8599      1    455
0003330      0   8569      1    455
0003340      0   8562      1    454
0003350      0   8567      1    454
0003360      0   8569      1    454
0003370      0   8585      1    453
0003400      0   8597      1    453
0003410      0   8620      1    453
0003420      0   8548      1    453
0003430      0   8595      1    453
0003440      0   8578      1    453
0003450      0   8546      1    453
0003460      0   8569      1    452
0003470      0   8560      1    452
0003500      0   8597      1    452
0003510      0   8567      1    452
0003520      0   8544      1    452
0003530      0   8551      1    452
0003540      0   8558      1    452
0003550      0   8546      1    451
0003560      0   8558      1    451
0003570      0   8560      1    451
0003600      0   8562      1    451
0003610      0   8548      1    451
0003620      0   8542      1    451
0003630      0   8565      1    451
0003640      0   8544      1    451
0003650      0   8557      1    450
0003660      0   8527      1    450
0003670      0   8530      1    450
0003700      0   8555      1    450
0003710      0   8534      1    450
0003720      0   8544      1    450
0003730      0   8550      1    449
0003740      0   8514      1    450
0003750      0   8535      1    449
0003760      0   8548      1    449
0003770      0   8532      1    449
0004000      0   8518      1    449
0004010      0   8511      1    449
0004020      0   8530      1    449
0004030      0   8472      1    449
0004040      0   8532      1    449
0004050      0   8542      1    449
0004060      0   8530      1    449
0004070      0   8523      1    448
0004100      0   8530      1    448
0004110      0   8539      1    448
0004120      0   8521      1    448
0004130      0   8534      1    448
0004140      0   8514      1    447
0004150      0   8541      1    448
0004160      0   8537      1    448
0004170      0   8525      1    447
0004200      0   8539      1    447
0004210      0   8507      1    447
0004220      0   8530      1    447
0004230      0   8564      1    447
0004240      0   8518      1    447
0004250      0   8523      1    447
0004260      0   8516      1    447
0004270      0   8544      1    448
0004300      0   8534      1    447
0004310      0   8475      1    447
0004320      0   8553      1    447
0004330      0   8511      1    447
0004340      0   8525      1    447
0004350      0   8479      1    447
0004360      0   8495      1    447
0004370      0   8553      1    447
0004400      0   8539      1    447
0004410      0   8514      1    447
0004420      0   8511      1    447
0004430      0   8500      1    447
0004440      0   8500      1    447
0004450      0   8527      1    447
0004460      0   8495      1    447
0004470      0   8516      1    446
0004500      0   8495      1    447
0004510      0   8558      1    447
0004520      0   8521      1    447
0004530      0   8539      1    446
0004540      0   8521      1    447
0004550      0   8511      1    447
0004560      0   8481      1    446
0004570      0   8528      1    447
0004600      0   8495      1    446
0004610      0   8528      1    446
0004620      0   8528      1    446
0004630      0   8535      1    446
0004640      0   8532      1    446
0004650      0   8488      1    445
0004660      0   8532      1    446
0004670      0   8491      1    445
0004700      0   8502      1    445
0004710      0   8518      1    445
0004720      0   8493      1    445
0004730      0   8486      1    444
0004740      0   8528      1    444
0004750      0   8479      1    444
0004760      0   8440      1    444
0004770      0   8468      1    444
0005000      0   8502      1    444
0005010      0   8470      1    444
0005020      0   8470      1    443
0005030      0   8458      1    443
0005040      0   8477      1    443
0005050      0   8465      1    443
0005060      0   8445      1    443
0005070      0   8472      1    443
0005100      0   8468      1    442
0005110      0   8463      1    442
0005120      0   8458      1    442
0005130      0   8465      1    442
0005140      0   8472      1    442
0005150      0   8442      1    442
0005160      0   8431      1    442
0005170      0   8477      1    442
0005200      0   8449      1    442
0005210      0   8428      1    441
0005220      0   8424      1    441
0005230      0   8477      1    441
0005240      0   8426      1    440
0005250      0   8435      1    440
0005260      0   8415      1    440
0005270      0   8447      1    440
0005300      0   8428      1    440
0005310      0   8438      1    440
0005320      0   8414      1    440
0005330      0   8405      1    440
0005340      0   8428      1    440
0005350      0   8440      1    440
0005360      0   8421      1    440
0005370      0   8398      1    440
0005400      0   8440      1    440
0005410      0   8421      1    440
0005420      0   8396      1    439
0005430      0   8405      1    440
0005440      0   8417      1    439
0005450      0   8403      1    439
0005460      0   8389      1    439
0005470      0   8491      1    439
0005500      0   8407      1    439
0005510      0   8414      1    438
0005520      0   8428      1    438
0005530      0   8426      1    438
0005540      0   8410      1    438
0005550      0   8396      1    438
0005560      0   8417      1    438
0005570      0   8391      1    438
0005600      0   8408      1    438
0005610      0   8414      1    437
0005620      0   8451      1    437
0005630      0   8412      1    437
0005640      0   8401      1    437
0005650      0   8408      1    437
0005660      0   8391      1    437
0005670      0   8361      1    437
0005700      0   8382      1    437
0005710      0   8375      1    437
0005720      0   8380      1    437
0005730      0   8364      1    437
0005740      0   8412      1    437
0005750      0   8380      1    437
0005760      0   8426      1    437
0005770      0   8435      1    437
0006000      0   8412      1    437
0006010      0   8398      1    437
0006020      0   8359      1    437
0006030      0   8364      1    436
0006040      0   8421      1    436
0006050      0   8370      1    436
0006060      0   8426      1    436
0006070      0   8437      1    436
0006100      0   8370      1    436
0006110      0   8377      1    436
0006120      0   8359      1    436
0006130      0   8414      1    436
0006140      0   8371      1    435
0006150      0   8387      1    435
0006160      0   8391      1    435
0006170      0   8370      1    435
0006200      0   8389      1    435
0006210      0   8359      1    435
0006220      0   8387      1    435
0006230      0   8370      1    435
0006240      0   8387      1    435
0006250      0   8364      1    435
0006260      0   8403      1    435
0006270      0   8387      1    435
0006300      0   8336      1    435
0006310      0   8352      1    434
0006320      0   8355      1    434
0006330      0   8329      1    434
0006340      0   8350      1    434
0006350      0   8398      1    434
0006360      0   8348      1    434
0006370      0   8361      1    434
0006400      0   8345      1    434
0006410      0   8345      1    433
0006420      0   8331      1    433
0006430      0   8304      1    433
0006440      0   8350      1    433
0006450      0   8324      1    433
0006460      0   8306      1    433
0006470      0   8343      1    433
0006500      0   8327      1    432
0006510      0   8325      1    432
0006520      0   8313      1    432
0006530      0   8343      1    432
0006540      0   8315      1    432
0006550      0   8348      1    432
0006560      0   8287      1    432
0006570      0   8329      1    431
0006600      0   8324      1    431
0006610      0   8315      1    431
0006620      0   8329      1    430
0006630      0   8290      1    431
0006640      0   8352      1    431
0006650      0   8308      1    432
0006660      0   8313      1    432
0006670      0   8341      1    432
0006700      0   8331      1    432
0006710      0   8343      1    432
0006720      0   8329      1    433
0006730      0   8311      1    432
0006740      0   8322      1    431
0006750      0   8334      1    431
0006760      0   8283      1    431
0006770      0   8290      1    432
0007000      0   8304      1    432
0007010      0   8317      1    433
0007020      0   8297      1    432
0007030      0   8317      1    432
0007040      0   8269      1    432
0007050      0   8250      1    432
0007060      0   8285      1    431
0007070      0   8294      1    431
0007100      0   8308      1    432
0007110      0   8292      1    432
0007120      0   8313      1    431
0007130      0   8299      1    431
0007140      0   8276      1    430
0007150      0   8329      1    430
0007160      0   8285      1    430
0007170      0   8276      1    430
0007200      0   8251      1    430
0007210      0   8267      1    430
0007220      0   8281      1    430
0007230      0   8244      1    430
0007240      0   8281      1    430
0007250      0   8267      1    430
0007260      0   8294      1    430
0007270      0   8248      1    430
0007300      0   8234      1    430
0007310      0   8276      1    430
0007320      0   8278      1    429
0007330      0   8283      1    428
0007340      0   8278      1    428
0007350      0   8248      1    428
0007360      0   8251      1    428
0007370      0   8230      1    428
0007400      0   8246      1    427
0007410      0   8237      1    428
0007420      0   8251      1    427
0007430      0   8244      1    428
0007440      0   8216      1    427
0007450      0   8225      1    427
0007460      0   8253      1    427
0007470      0   8248      1    428
0007500      0   8241      1    427
0007510      0   8262      1    427
0007520      0   8239      1    427
0007530      0   8250      1    426
0007540      0   8269      1    427
0007550      0   8241      1    426
0007560      0   8260      1    427
0007570      0   8216      1    426
0007600      0   8207      1    426
0007610      0   8251      1    426
0007620      0   8218      1    426
0007630      0   8237      1    426
0007640      0   8246      1    426
0007650      0   8232      1    426
0007660      0   8278      1    426
0007670      0   8246      1    426
0007700      0   8271      1    427
0007710      0   8262      1    427
0007720      0   8271      1    427
0007730      0   8283      1    428
0007740      0   8324      1    427
0007750      0   8281      1    427
0007760      0   8246      1    426
0007770      0   8262      1    425
0010000      0   8246      1    424
0010010      0   8230      1    423
0010020      0   8255      1    425
0010030      0   8241      1    424
0010040      0   8278      1    424
0010050      0   8202      1    423
0010060      0   8239      1    423
0010070      0   8214      1    423
0010100      0   8234      1    423
0010110      0   8228      1    422
0010120      0   8170      1    421
0010130      0   8216      1    422
0010140      0   8204      1    421
0010150      0   8188      1    421
0010160      0   8193      1    420
0010170      0   8170      1    420
0010200      0   8193      1    420
0010210      0   8190      1    420
0010220      0   8193      1    420
0010230      0   8214      1    419
0010240      0   8183      1    419
0010250      0   8188      1    419
0010260      0   8216      1    419
0010270      0   8149      1    418
0010300      0   8179      1    418
0010310      0   8135      1    418
0010320      0   8149      1    419
0010330      0   8172      1    418
0010340      0   8151      1    416
0010350      0   8142      1    416
0010360      0   8151      1    416
0010370      0   8165      1    416
0010400      0   8144      1    416
0010410      0   8123      1    415
0010420      0   8124      1    414
0010430      0   8105      1    414
0010440      0   8100      1    414
0010450      0   8117      1    413
0010460      0   8117      1    414
0010470      0   8101      1    413
0010500      0   8108      1    413
0010510      0   8096      1    413
0010520      0   8075      1    412
0010530      0   8068      1    413
0010540      0   8117      1    413
0010550      0   8121      1    413
0010560      0   8128      1    412
0010570      0   8121      1    412
0010600      0   8087      1    411
0010610      0   8054      1    412
0010620      0   8071      1    411
0010630      0   8101      1    410
0010640      0   8043      1    410
0010650      0   8089      1    410
0010660      0   8070      1    410
0010670      0   8050      1    409
0010700      0   8084      1    409
0010710      0   8059      1    408
0010720      0   8082      1    408
0010730      0   8050      1    408
0010740      0   8066      1    407
0010750      0   8064      1    407
0010760      0   8029      1    408
0010770      0   8068      1    405
0011000      0   8059      1    406
0011010      0   8020      1    407
0011020      0   8017      1    406
0011030      0   7994      1    407
0011040      0   8001      1    406
0011050      0   8015      1    405
0011060      0   8017      1    405
0011070      0   8024      1    406
0011100      0   7976      1    405
0011110      0   8015      1    405
0011120      0   8010      1    404
0011130      0   8011      1    404
0011140      0   8031      1    405
0011150      0   8029      1    405
0011160      0   8015      1    406
0011170      0   7983      1    405
0011200      0   8008      1    405
0011210      0   8001      1    405
0011220      0   7999      1    405
0011230      0   8010      1    404
0011240      0   7992      1    404
0011250      0   8020      1    404
0011260      0   8010      1    403
0011270      0   7980      1    403
0011300      0   7999      1    404
0011310      0   8020      1    404
0011320      0   8024      1    403
0011330      0   8001      1    403
0011340      0   8013      1    404
0011350      0   8031      1    403
0011360      0   8029      1    402
0011370      0   7971      1    403
0011400      0   8024      1    402
0011410      0   7996      1    402
0011420      0   8026      1    403
0011430      0   7983      1    402
0011440      0   8029      1    402
0011450      0   8048      1    403
0011460      0   7994      1    401
0011470      0   7981      1    400
0011500      0   7994      1    401
0011510      0   7969      1    401
0011520      0   7992      1    401
0011530      0   7976      1    401
0011540      0   7964      1    401
0011550      0   7976      1    401
0011560      0   7955      1    400
0011570      0   7983      1    399
0011600      0   7978      1    399
0011610      0   7988      1    399
0011620      0   7957      1    398
0011630      0   7967      1    398
0011640      0   7978      1    399
0011650      0   7974      1    399
0011660      0   7969      1    399
0011670      0   7962      1    399
0011700      0   7967      1    399
0011710      0   7957      1    399
0011720      0   7948      1    397
0011730      0   7934      1    397
0011740      0   7925      1    396
0011750      0   7934      1    395
0011760      0   7973      1    396
0011770      0   7899      1    395
0012000      0   7957      1    396
0012010      0   7941      1    396
0012020      0   7948      1    397
0012030      0   7930      1    397
0012040      0   7948      1    397
0012050      0   7937      1    397
0012060      0   7980      1    398
0012070      0   7962      1    399
0012100      0   8008      1    399
0012110      0   7976      1    400
0012120      0   7985      1    401
0012130      0   7987      1    401
0012140      0   8011      1    402
0012150      0   8001      1    402
0012160      0   8024      1    402
0012170      0   8015      1    403
0012200      0   8013      1    403
0012210      0   8031      1    403
0012220      0   8022      1    403
0012230      0   8013      1    404
0012240      0   8054      1    404
0012250      0   8034      1    404
0012260      0   8059      1    404
0012270      0   8029      1    404
0012300      0   8024      1    404
0012310      0   8017      1    404
0012320      0   8043      1    405
0012330      0   8059      1    405
0012340      0   8056      1    405
0012350      0   8052      1    405
0012360      0   8036      1    405
0012370      0   8096      1    405
0012400      0   8066      1    405
0012410      0   8061      1    405
0012420      0   8042      1    406
0012430      0   8029      1    405
0012440      0   8061      1    406
0012450      0   8059      1    405
0012460      0   8059      1    405
0012470      0   8057      1    406
0012500      0   8059      1    406
0012510      0   8061      1    406
0012520      0   8087      1    406
0012530      0   8082      1    406
0012540      0   8066      1    406
0012550      0   8047      1    406
0012560      0   8036      1    406
0012570      0   8063      1    406
0012600      0   8052      1    407
0012610      0   8105      1    406
0012620      0   8091      1    406
0012630      0   8045      1    407
0012640      0   8061      1    406
0012650      0   8089      1    407
0012660      0   8054      1    406
0012670      0   8073      1    407
0012700      0   8047      1    406
0012710      0   8087      1    406
0012720      0   8038      1    407
0012730      0   8089      1    407
0012740      0   8085      1    406
0012750      0   8031      1    407
0012760      0   8071      1    406
0012770      0   8056      1    406
0013000      0   8089      1    406
0013010      0   8068      1    406
0013020      0   8066      1    406
0013030      0   8033      1    406
0013040      0   8054      1    406
0013050      0   8063      1    406
0013060      0   8033      1    406
0013070      0   8010      1    406
0013100      0   8036      1    406
0013110      0   8043      1    406
0013120      0   8031      1    406
0013130      0   8045      1    406
0013140      0   8054      1    406
0013150      0   8047      1    406
0013160      0   8040      1    406
0013170      0   8043      1    406
0013200      0   8093      1    406
0013210      0   8045      1    406
0013220      0   8045      1    406
0013230      0   8057      1    406
0013240      0   8071      1    406
0013250      0   8015      1    406
0013260      0   8038      1    405
0013270      0   8052      1    406
0013300      0   8061      1    406
0013310      0   8050      1    406
0013320      0   8043      1    405
0013330      0   8084      1    406
0013340      0   8045      1    406
0013350      0   8029      1    405
0013360      0   8022      1    405
0013370      0   8038      1    405
0013400      0   8031      1    405
0013410      0   8043      1    405
0013420      0   8050      1    405
0013430      0   8001      1    405
0013440      0   8024      1    405
0013450      0   8034      1    405
0013460      0   8022      1    405
0013470      0   8020      1    405
0013500      0   8027      1    405
0013510      0   8008      1    405
0013520      0   8045      1    404
0013530      0   8056      1    404
0013540      0   8017      1    404
0013550      0   8015      1    403
0013560      0   8052      1    404
0013570      0   8024      1    404
0013600      0   8026      1    403
0013610      0   7994      1    403
0013620      0   8003      1    403
0013630      0   8019      1    403
0013640      0   8033      1    403
0013650      0   8008      1    403
0013660      0   7997      1    403
0013670      0   8020      1    403
0013700      0   8036      1    403
0013710      0   8020      1    403
0013720      0   7997      1    403
0013730      0   8024      1    403
0013740      0   8022      1    403
0013750      0   8047      1    403
0013760      0   8017      1    402
0013770      0   8038      1    403
0014000      0   8029      1    402
0014010      0   8010      1    402
0014020      0   8033      1    402
0014030      0   7997      1    403
0014040      0   8015      1    403
0014050      0   8026      1    403
0014060      0   8022      1    403
0014070      0   8004      1    403
0014100      0   8013      1    403
0014110      0   8013      1    403
0014120      0   8011      1    403
0014130      0   8031      1    403
0014140      0   8015      1    403
0014150      0   8024      1    403
0014160      0   8031      1    403
0014170      0   8013      1    403
0014200      0   8024      1    403
0014210      0   8045      1    403
0014220      0   8001      1    403
0014230      0   8033      1    403
0014240      0   8031      1    403
0014250      0   8010      1    403
0014260      0   8008      1    403
0014270      0   8036      1    403
0014300      0   8024      1    403
0014310      0   8029      1    402
0014320      0   8015      1    402
0014330      0   8036      1    402
0014340      0   8008      1    403
0014350      0   8010      1    402
0014360      0   8001      1    403
0014370      0   8013      1    402
0014400      0   8026      1    402
0014410      0   8010      1    403
0014420      0   8029      1    402
0014430      0   8020      1    402
0014440      0   8015      1    402
0014450      0   8017      1    402
0014460      0   8045      1    403
0014470      0   8022      1    402
0014500      0   8015      1    403
0014510      0   8013      1    402
0014520      0   8004      1    402
0014530      0   8015      1    402
0014540      0   8013      1    402
0014550      0   8038      1    402
0014560      0   8006      1    402
0014570      0   8001      1    401
0014600      0   8008      1    401
0014610      0   8015      1    401
0014620      0   8012      1    401
0014630      0   7999      1    401
0014640      0   8022      1    401
0014650      0   8015      1    401
0014660      0   7994      1    401
0014670      0   8006      1    401
0014700      0   7994      1    401
0014710      0   8001      1    400
0014720      0   8026      1    400
0014730      0   8001      1    400
0014740      0   7996      1    400
0014750      0   8003      1    401
0014760      0   8020      1    400
0014770      0   8031      1    400
0015000      0   8036      1    400
0015010      0   7999      1    400
0015020      0   7953      1    400
0015030      0   7985      1    399
0015040      0   7969      1    400
0015050      0   7978      1    399
0015060      0   7990      1    400
0015070      0   7973      1    399
0015100      0   7983      1    399
0015110      0   7960      1    399
0015120      0   7990      1    399
0015130      0   7990      1    399
0015140      0   7971      1    399
0015150      0   7978      1    399
0015160      0   7960      1    399
0015170      0   7971      1    399
0015200      0   7969      1    399
0015210      0   7969      1    398
0015220      0   7957      1    398
0015230      0   7955      1    398
0015240      0   7981      1    398
0015250      0   8001      1    398
0015260      0   7957      1    398
0015270      0   7974      1    398
0015300      0   8040      1    398
0015310      0   7957      1    398
0015320      0   7983      1    398
0015330      0   7974      1    398
0015340      0   7969      1    398
0015350      0   7974      1    397
0015360      0   8003      1    397
0015370      0   7994      1    398
0015400      0   7976      1    398
0015410      0   7966      1    397
0015420      0   7957      1    397
0015430      0   7960      1    397
0015440      0   7974      1    397
0015450      0   7941      1    397
0015460      0   7962      1    397
0015470      0   7962      1    396
0015500      0   7957      1    396
0015510      0   7943      1    396
0015520      0   7937      1    396
0015530      0   7955      1    396
0015540      0   7987      1    396
0015550      0   7923      1    396
0015560      0   7960      1    396
0015570      0   7918      1    396
0015600      0   7927      1    395
0015610      0   7923      1    395
0015620      0   7953      1    395
0015630      0   7969      1    396
0015640      0   7953      1    395
0015650      0   7950      1    395
0015660      0   7960      1    395
0015670      0   7962      1    395
0015700      0   7932      1    395
0015710      0   7918      1    395
0015720      0   7932      1    395
0015730      0   7918      1    395
0015740      0   7930      1    395
0015750      0   7939      1    395
0015760      0   7936      1    395
0015770      0   7937      1    395
0016000      0   7918      1    395
0016010      0   7929      1    395
0016020      0   7909      1    395
0016030      0   7930      1    395
0016040      0   7907      1    395
0016050      0   7902      1    395
0016060      0   7971      1    395
0016070      0   7946      1    395
0016100      0   7918      1    395
0016110      0   7950      1    395
0016120      0   7950      1    395
0016130      0   7918      1    395
0016140      0   7939      1    394
0016150      0   7948      1    394
0016160      0   7955      1    394
0016170      0   7923      1    394
0016200      0   7918      1    395
0016210      0   7950      1    395
0016220      0   7955      1    395
0016230      0   7925      1    394
0016240      0   7913      1    395
0016250      0   7944      1    394
0016260      0   7918      1    394
0016270      0   7941      1    394
0016300      0   7932      1    394
0016310      0   7925      1    395
0016320      0   7929      1    394
0016330      0   7983      1    394
0016340      0   7913      1    395
0016350      0   7909      1    395
0016360      0   7957      1    395
0016370      0   7904      1    394
0016400      0   7920      1    394
0016410      0   7934      1    394
0016420      0   7925      1    394
0016430      0   7907      1    394
0016440      0   7913      1    394
0016450      0   7913      1    394
0016460      0   7941      1    394
0016470      0   7941      1    394
0016500      0   7923      1    394
0016510      0   7927      1    394
0016520      0   7918      1    393
0016530      0   7916      1    393
0016540      0   7904      1    393
0016550      0   7925      1    393
0016560      0   7890      1    393
0016570      0   7930      1    393
0016600      0   7927      1    393
0016610      0   7886      1    393
0016620      0   7881      1    393
0016630      0   7893      1    393
0016640      0   7902      1    393
0016650      0   7911      1    392
0016660      0   7902      1    392
0016670      0   7911      1    392
0016700      0   7854      1    393
0016710      0   7904      1    392
0016720      0   7911      1    392
0016730      0   7876      1    392
0016740      0   7895      1    392
0016750      0   7877      1    392
0016760      0   7872      1    392
0016770      0   7883      1    392
0017000      0   7923      1    392
0017010      0   7946      1    392
0017020      0   7890      1    392
0017030      0   7895      1    392
0017040      0   7870      1    391
0017050      0   7877      1    392
0017060      0   7913      1    392
0017070      0   7886      1    392
0017100      0   7897      1    392
0017110      0   7888      1    391
0017120      0   7886      1    392
0017130      0   7902      1    391
0017140      0   7888      1    391
0017150      0   7883      1    391
0017160      0   7893      1    391
0017170      0   7881      1    391
0017200      0   7918      1    391
0017210      0   7865      1    391
0017220      0   7890      1    391
0017230      0   7913      1    391
0017240      0   7851      1    391
0017250      0   7939      1    391
0017260      0   7886      1    391
0017270      0   7881      1    391
0017300      0   7881      1    391
0017310      0   7895      1    391
0017320      0   7879      1    390
0017330      0   7876      1    391
0017340      0   7877      1    391
0017350      0   7863      1    391
0017360      0   7921      1    391
0017370      0   7909      1    391
0017400      0   7920      1    391
0017410      0   7870      1    391
0017420      0   7874      1    391
0017430      0   7890      1    392
0017440      0   7897      1    391
0017450      0   7895      1    391
0017460      0   7879      1    391
0017470      0   7890      1    391
0017500      0   7888      1    391
0017510      0   7872      1    391
0017520      0   7907      1    391
0017530      0   7863      1    391
0017540      0   7863      1    392
0017550      0   7930      1    392
0017560      0   7913      1    391
0017570      0   7893      1    392
0017600      0   7897      1    392
0017610      0   7893      1    392
0017620      0   7923      1    392
0017630      0   7934      1    392
0017640      0   7900      1    392
0017650      0   7923      1    392
0017660      0   7881      1    392
0017670      0   7893      1    392
0017700      0   7897      1    392
0017710      0   7886      1    392
0017720      0   7876      1    392
0017730      0   7916      1    392
0017740      0   7923      1    392
0017750      0   7881      1    392
0017760      0   7911      1    392
0017770      0   7897      1    394
0020000      0   7911      1    396
0020010      0   7895      1    396
0020020      0   7935      1    395
0020030      0   7907      1    395
0020040      0   7902      1    394
0020050      0   7955      1    394
0020060      0   7902      1    394
0020070      0   7916      1    395
0020100      0   7900      1    396
0020110      0   7923      1    395
0020120      0   7897      1    393
0020130      0   7870      1    391
0020140      0   7851      1    391
0020150      0   7821      1    389
0020160      0   7819      1    389
0020170      0   7793      1    389
0020200      0   7757      1    389
0020210      0   7782      1    388
0020220      0   7766      1    388
0020230      0   7764      1    388
0020240      0   7747      1    387
0020250      0   7770      1    389
0020260      0   7791      1    390
0020270      0   7823      1    391
0020300      0   7814      1    391
0020310      0   7840      1    392
0020320      0   7840      1    392
0020330      0   7893      1    392
0020340      0   7881      1    392
0020350      0   7902      1    393
0020360      0   7846      1    393
0020370      0   7862      1    393
0020400      0   7893      1    393
0020410      0   7893      1    393
0020420      0   7886      1    393
0020430      0   7877      1    393
0020440      0   7899      1    393
0020450      0   7918      1    394
0020460      0   7906      1    394
0020470      0   7911      1    394
0020500      0   7902      1    394
0020510      0   7925      1    394
0020520      0   7948      1    394
0020530      0   7902      1    394
0020540      0   7907      1    394
0020550      0   7904      1    394
0020560      0   7902      1    394
0020570      0   7923      1    394
0020600      0   7911      1    395
0020610      0   7948      1    394
0020620      0   7900      1    395
0020630      0   7930      1    394
0020640      0   7946      1    394
0020650      0   7930      1    394
0020660      0   7934      1    394
0020670      0   7951      1    395
0020700      0   7921      1    395
0020710      0   7930      1    395
0020720      0   7930      1    395
0020730      0   7955      1    395
0020740      0   7950      1    395
0020750      0   7934      1    395
0020760      0   7955      1    395
0020770      0   7895      1    395
0021000      0   7920      1    395
0021010      0   7932      1    395
0021020      0   7937      1    396
0021030      0   7960      1    396
0021040      0   7964      1    396
0021050      0   7953      1    396
0021060      0   7978      1    397
0021070      0   7960      1    396
0021100      0   7962      1    396
0021110      0   7969      1    397
0021120      0   7960      1    397
0021130      0   7923      1    397
0021140      0   7964      1    397
0021150      0   7948      1    398
0021160      0   7987      1    399
0021170      0   7953      1    398
0021200      0   7966      1    399
0021210      0   7976      1    399
0021220      0   7985      1    399
0021230      0   8001      1    399
0021240      0   7994      1    400
0021250     -1     -1     -1     -1
0021260     -1     -1     -1     -1
0021270     -1     -1     -1     -1
0021300     -1     -1     -1     -1
0021310     -1     -1     -1     -1
0021320     -1     -1     -1     -1
0021330     -1     -1     -1     -1
0021340     -1     -1     -1     -1
0021350     -1     -1     -1     -1
0021360     -1     -1     -1     -1
0021370     -1     -1     -1     -1
0021400     -1     -1     -1     -1
0021410     -1     -1     -1     -1
0021420     -1     -1     -1     -1
0021430     -1     -1     -1     -1
0021440     -1     -1     -1     -1
0021450     -1     -1     -1     -1
0021460     -1     -1     -1     -1
0021470     -1     -1     -1     -1
0021500     -1     -1     -1     -1
0021510     -1     -1     -1     -1
0021520     -1     -1     -1     -1
0021530     -1     -1     -1     -1
0021540     -1     -1     -1     -1
0021550     -1     -1     -1     -1
0021560     -1     -1     -1     -1
0021570     -1     -1     -1     -1
0021600     -1     -1     -1     -1
0021610     -1     -1     -1     -1
0021620     -1     -1     -1     -1
0021630     -1     -1     -1     -1
0021640     -1     -1     -1     -1
0021650     -1     -1     -1     -1
0021660     -1     -1     -1     -1
0021670     -1     -1     -1     -1
0021700     -1     -1     -1     -1
0021710     -1     -1     -1     -1
0021720     -1     -1     -1     -1
0021730     -1     -1     -1     -1
0021740     -1     -1     -1     -1
0021750     -1     -1     -1     -1
0021760     -1     -1     -1     -1
0021770     -1     -1     -1     -1
0022000     -1     -1     -1     -1
0022010     -1     -1     -1     -1
0022020     -1     -1     -1     -1
0022030     -1     -1     -1     -1
0022040     -1     -1     -1     -1
0022050     -1     -1     -1     -1
0022060     -1     -1     -1     -1
0022070     -1     -1     -1     -1
0022100     -1     -1     -1     -1
0022110     -1     -1     -1     -1
0022120     -1     -1     -1     -1
0022130     -1     -1     -1     -1
0022140     -1     -1     -1     -1
0022150     -1     -1     -1     -1
0022160     -1     -1     -1     -1
0022170     -1     -1     -1     -1
0022200     -1     -1     -1     -1
0022210     -1     -1     -1     -1
0022220     -1     -1     -1     -1
0022230     -1     -1     -1     -1
0022240     -1     -1     -1     -1
0022250     -1     -1     -1     -1
0022260     -1     -1     -1     -1
0022270     -1     -1     -1     -1
0022300     -1     -1     -1     -1
0022310     -1     -1     -1     -1
0022320     -1     -1     -1     -1
0022330     -1     -1     -1     -1
0022340     -1     -1     -1     -1
0022350     -1     -1     -1     -1
0022360     -1     -1     -1     -1
0022370     -1     -1     -1     -1
0022400     -1     -1     -1     -1
0022410     -1     -1     -1     -1
0022420     -1     -1     -1     -1
0022430     -1     -1     -1     -1
0022440     -1     -1     -1     -1
0022450     -1     -1     -1     -1
0022460     -1     -1     -1     -1
0022470     -1     -1     -1     -1
0022500     -1     -1     -1     -1
0022510     -1     -1     -1     -1
0022520     -1     -1     -1     -1
0022530     -1     -1     -1     -1
0022540     -1     -1     -1     -1
0022550     -1     -1     -1     -1
0022560     -1     -1     -1     -1
0022570     -1     -1     -1     -1
0022600     -1     -1     -1     -1
0022610     -1     -1     -1     -1
0022620     -1     -1     -1     -1
0022630     -1     -1     -1     -1
0022640     -1     -1     -1     -1
0022650     -1     -1     -1     -1
0022660     -1     -1     -1     -1
0022670     -1     -1     -1     -1
0022700     -1     -1     -1     -1
0022710     -1     -1     -1     -1
0022720     -1     -1     -1     -1
0022730     -1     -1     -1     -1
0022740     -1     -1     -1     -1
0022750     -1     -1     -1     -1
0022760     -1     -1     -1     -1
0022770     -1     -1     -1     -1
0023000     -1     -1     -1     -1
0023010     -1     -1     -1     -1
0023020     -1     -1     -1     -1
0023030     -1     -1     -1     -1
0023040     -1     -1     -1     -1
0023050     -1     -1     -1     -1
0023060     -1     -1     -1     -1
0023070     -1     -1     -1     -1
0023100     -1     -1     -1     -1
0023110     -1     -1     -1     -1
0023120     -1     -1     -1     -1
0023130     -1     -1     -1     -1
0023140     -1     -1     -1     -1
0023150     -1     -1     -1     -1
0023160     -1     -1     -1     -1
0023170     -1     -1     -1     -1
0023200     -1     -1     -1     -1
0023210     -1     -1     -1     -1
0023220     -1     -1     -1     -1
0023230     -1     -1     -1     -1
0023240     -1     -1     -1     -1
0023250     -1     -1     -1     -1
0023260     -1     -1     -1     -1
0023270     -1     -1     -1     -1
0023300     -1     -1     -1     -1
0023310     -1     -1     -1     -1
0023320     -1     -1     -1     -1
0023330     -1     -1     -1     -1
0023340     -1     -1     -1     -1
0023350     -1     -1     -1     -1
0023360     -1     -1     -1     -1
0023370     -1     -1     -1     -1
0023400     -1     -1     -1     -1
0023410     -1     -1     -1     -1
0023420     -1     -1     -1     -1
0023430     -1     -1     -1     -1
0023440     -1     -1     -1     -1
0023450     -1     -1     -1     -1
0023460     -1     -1     -1     -1
0023470     -1     -1     -1     -1
0023500     -1     -1     -1     -1
0023510     -1     -1     -1     -1
0023520     -1     -1     -1     -1
0023530     -1     -1     -1     -1
0023540     -1     -1     -1     -1
0023550     -1     -1     -1     -1
0023560     -1     -1     -1     -1
0023570     -1     -1     -1     -1
0023600     -1     -1     -1     -1
0023610     -1     -1     -1     -1
0023620     -1     -1     -1     -1
0023630     -1     -1     -1     -1
0023640     -1     -1     -1     -1
0023650     -1     -1     -1     -1
0023660     -1     -1     -1     -1
0023670     -1     -1     -1     -1
0023700     -1     -1     -1     -1
0023710     -1     -1     -1     -1
0023720     -1     -1     -1     -1
0023730     -1     -1     -1     -1
0023740     -1     -1     -1     -1
0023750     -1     -1     -1     -1
0023760     -1     -1     -1     -1
0023770     -1     -1     -1     -1
0024000     -1     -1     -1     -1
0024010     -1     -1     -1     -1
0024020     -1     -1     -1     -1
0024030     -1     -1     -1     -1
0024040     -1     -1     -1     -1
0024050     -1     -1     -1     -1
0024060     -1     -1     -1     -1
0024070     -1     -1     -1     -1
0024100     -1     -1     -1     -1
0024110     -1     -1     -1     -1
0024120     -1     -1     -1     -1
0024130     -1     -1     -1     -1
0024140     -1     -1     -1     -1
0024150     -1     -1     -1     -1
0024160     -1     -1     -1     -1
0024170     -1     -1     -1     -1
0024200     -1     -1     -1     -1
0024210     -1     -1     -1     -1
0024220     -1     -1     -1     -1
0024230     -1     -1     -1     -1
0024240     -1     -1     -1     -1
0024250     -1     -1     -1     -1
0024260     -1     -1     -1     -1
0024270     -1     -1     -1     -1
0024300     -1     -1     -1     -1
0024310     -1     -1     -1     -1
0024320     -1     -1     -1     -1
0024330     -1     -1     -1     -1
0024340     -1     -1     -1     -1
0024350     -1     -1     -1     -1
0024360     -1     -1     -1     -1
0024370     -1     -1     -1     -1
0024400     -1     -1     -1     -1
0024410     -1     -1     -1     -1
0024420     -1     -1     -1     -1
0024430     -1     -1     -1     -1
0024440     -1     -1     -1     -1
0024450     -1     -1     -1     -1
0024460     -1     -1     -1     -1
0024470     -1     -1     -1     -1
0024500     -1     -1     -1     -1
0024510     -1     -1     -1     -1
0024520     -1     -1     -1     -1
0024530     -1     -1     -1     -1
0024540     -1     -1     -1     -1
0024550     -1     -1     -1     -1
0024560     -1     -1     -1     -1
0024570     -1     -1     -1     -1
0024600     -1     -1     -1     -1
0024610     -1     -1     -1     -1
0024620     -1     -1     -1     -1
0024630     -1     -1     -1     -1
0024640     -1     -1     -1     -1
0024650     -1     -1     -1     -1
0024660     -1     -1     -1     -1
0024670     -1     -1     -1     -1
0024700     -1     -1     -1     -1
0024710     -1     -1     -1     -1
0024720     -1     -1     -1     -1
0024730     -1     -1     -1     -1
0024740     -1     -1     -1     -1
0024750     -1     -1     -1     -1
0024760     -1     -1     -1     -1
0024770     -1     -1     -1     -1
0025000     -1     -1     -1     -1
0025010     -1     -1     -1     -1
0025020     -1     -1     -1     -1
0025030     -1     -1     -1     -1
0025040     -1     -1     -1     -1
0025050     -1     -1     -1     -1
0025060     -1     -1     -1     -1
0025070     -1     -1     -1     -1
0025100     -1     -1     -1     -1
0025110     -1     -1     -1     -1
0025120     -1     -1     -1     -1
0025130     -1     -1     -1     -1
0025140     -1     -1     -1     -1
0025150     -1     -1     -1     -1
0025160     -1     -1     -1     -1
0025170     -1     -1     -1     -1
0025200     -1     -1     -1     -1
0025210     -1     -1     -1     -1
0025220     -1     -1     -1     -1
0025230     -1     -1     -1     -1
0025240     -1     -1     -1     -1
0025250     -1     -1     -1     -1
0025260     -1     -1     -1     -1
0025270     -1     -1     -1     -1
0025300     -1     -1     -1     -1
0025310     -1     -1     -1     -1
0025320     -1     -1     -1     -1
0025330     -1     -1     -1     -1
0025340     -1     -1     -1     -1
0025350     -1     -1     -1     -1
0025360     -1     -1     -1     -1
0025370     -1     -1     -1     -1
0025400     -1     -1     -1     -1
0025410     -1     -1     -1     -1
0025420     -1     -1     -1     -1
0025430     -1     -1     -1     -1
0025440     -1     -1     -1     -1
0025450     -1     -1     -1     -1
0025460     -1     -1     -1     -1
0025470     -1     -1     -1     -1
0025500     -1     -1     -1     -1
0025510     -1     -1     -1     -1
0025520     -1     -1     -1     -1
0025530     -1     -1     -1     -1
0025540     -1     -1     -1     -1
0025550     -1     -1     -1     -1
0025560     -1     -1     -1     -1
0025570     -1     -1     -1     -1
0025600     -1     -1     -1     -1
0025610     -1     -1     -1     -1
0025620     -1     -1     -1     -1
0025630     -1     -1     -1     -1
0025640     -1     -1     -1     -1
0025650     -1     -1     -1     -1
0025660     -1     -1     -1     -1
0025670     -1     -1     -1     -1
0025700     -1     -1     -1     -1
0025710     -1     -1     -1     -1
0025720     -1     -1     -1     -1
0025730     -1     -1     -1     -1
0025740     -1     -1     -1     -1
0025750     -1     -1     -1     -1
0025760     -1     -1     -1     -1
0025770     -1     -1     -1     -1
0026000     -1     -1     -1     -1
0026010     -1     -1     -1     -1
0026020     -1     -1     -1     -1
0026030     -1     -1     -1     -1
0026040     -1     -1     -1     -1
0026050     -1     -1     -1     -1
0026060     -1     -1     -1     -1
0026070     -1     -1     -1     -1
0026100     -1     -1     -1     -1
0026110     -1     -1     -1     -1
0026120     -1     -1     -1     -1
0026130     -1     -1     -1     -1
0026140     -1     -1     -1     -1
0026150     -1     -1     -1     -1
0026160     -1     -1     -1     -1
0026170     -1     -1     -1     -1
0026200     -1     -1     -1     -1
0026210     -1     -1     -1     -1
0026220     -1     -1     -1     -1
0026230     -1     -1     -1     -1
0026240     -1     -1     -1     -1
0026250     -1     -1     -1     -1
0026260     -1     -1     -1     -1
0026270     -1     -1     -1     -1
0026300     -1     -1     -1     -1
0026310     -1     -1     -1     -1
0026320     -1     -1     -1     -1
0026330     -1     -1     -1     -1
0026340     -1     -1     -1     -1
0026350     -1     -1     -1     -1
0026360     -1     -1     -1     -1
0026370     -1     -1     -1     -1
0026400     -1     -1     -1     -1
0026410     -1     -1     -1     -1
0026420     -1     -1     -1     -1
0026430     -1     -1     -1     -1
0026440     -1     -1     -1     -1
0026450     -1     -1     -1     -1
0026460     -1     -1     -1     -1
0026470     -1     -1     -1     -1
0026500     -1     -1     -1     -1
0026510     -1     -1     -1     -1
0026520     -1     -1     -1     -1
0026530     -1     -1     -1     -1
0026540     -1     -1     -1     -1
0026550     -1     -1     -1     -1
0026560     -1     -1     -1     -1
0026570     -1     -1     -1     -1
0026600     -1     -1     -1     -1
0026610     -1     -1     -1     -1
0026620     -1     -1     -1     -1
0026630     -1     -1     -1     -1
0026640     -1     -1     -1     -1
0026650     -1     -1     -1     -1
0026660     -1     -1     -1     -1
0026670     -1     -1     -1     -1
0026700     -1     -1     -1     -1
0026710     -1     -1     -1     -1
0026720     -1     -1     -1     -1
0026730     -1     -1     -1     -1
0026740     -1     -1     -1     -1
0026750     -1     -1     -1     -1
0026760     -1     -1     -1     -1
0026770     -1     -1     -1     -1
0027000     -1     -1     -1     -1
0027010     -1     -1     -1     -1
0027020     -1     -1     -1     -1
0027030     -1     -1     -1     -1
0027040     -1     -1     -1     -1
0027050     -1     -1     -1     -1
0027060     -1     -1     -1     -1
0027070     -1     -1     -1     -1
0027100     -1     -1     -1     -1
0027110     -1     -1     -1     -1
0027120     -1     -1     -1     -1
0027130     -1     -1     -1     -1
0027140     -1     -1     -1     -1
0027150     -1     -1     -1     -1
0027160     -1     -1     -1     -1
0027170     -1     -1     -1     -1
0027200     -1     -1     -1     -1
0027210     -1     -1     -1     -1
0027220     -1     -1     -1     -1
0027230     -1     -1     -1     -1
0027240     -1     -1     -1     -1
0027250     -1     -1     -1     -1
0027260     -1     -1     -1     -1
0027270     -1     -1     -1     -1
0027300     -1     -1     -1     -1
0027310     -1     -1     -1     -1
0027320     -1     -1     -1     -1
0027330     -1     -1     -1     -1
0027340     -1     -1     -1     -1
0027350     -1     -1     -1     -1
0027360     -1     -1     -1     -1
0027370     -1     -1     -1     -1
0027400     -1     -1     -1     -1
0027410     -1     -1     -1     -1
0027420     -1     -1     -1     -1
0027430     -1     -1     -1     -1
0027440     -1     -1     -1     -1
0027450     -1     -1     -1     -1
0027460     -1     -1     -1     -1
0027470     -1     -1     -1     -1
0027500     -1     -1     -1     -1
0027510     -1     -1     -1     -1
0027520     -1     -1     -1     -1
0027530     -1     -1     -1     -1
0027540     -1     -1     -1     -1
0027550     -1     -1     -1     -1
0027560     -1     -1     -1     -1
0027570     -1     -1     -1     -1
0027600     -1     -1     -1     -1
0027610     -1     -1     -1     -1
0027620     -1     -1     -1     -1
0027630     -1     -1     -1     -1
0027640     -1     -1     -1     -1
0027650     -1     -1     -1     -1
0027660     -1     -1     -1     -1
0027670     -1     -1     -1     -1
0027700     -1     -1     -1     -1
0027710     -1     -1     -1     -1
0027720     -1     -1     -1     -1
0027730     -1     -1     -1     -1
0027740     -1     -1     -1     -1
0027750     -1     -1     -1     -1
0027760     -1     -1     -1     -1
0027770     -1     -1     -1     -1
0030000
od -s -v -w8 data.dat > data.txt

