0000000   9375
0000002   9985
0000004  10105
0000006  10160
0000010  10160
0000012  10160
0000014  10179
0000016  10179
0000020  10114
0000022  10049
0000024  10040
0000026  10086
0000030  10059
0000032  10068
0000034  10105
0000036  10086
0000040  10077
0000042  10040
0000044  10114
0000046  10160
0000050  10225
0000052  10234
0000054  10179
0000056  10188
0000060  10206
0000062  10086
0000064  10040
0000066  10077
0000070  10086
0000072  10096
0000074  10086
0000076  10049
0000100  10022
0000102  10040
0000104  10059
0000106  10151
0000110  10206
0000112  10216
0000114  10216
0000116  10225
0000120  10243
0000122  10179
0000124  10068
0000126  10114
0000130  10086
0000132  10123
0000134  10114
0000136  10151
0000140  10105
0000142  10105
0000144  10022
0000146  10031
0000150  10096
0000152  10077
0000154  10105
0000156  10077
0000160  10086
0000162  10068
0000164  10123
0000166  10197
0000170  10179
0000172  10225
0000174  10216
0000176  10216
0000200  10188
0000202  10086
0000204  10059
0000206  10068
0000210  10077
0000212  10096
0000214  10086
0000216  10077
0000220  10068
0000222  10049
0000224  10077
0000226  10133
0000230  10188
0000232  10206
0000234  10197
0000236  10188
0000240  10216
0000242  10151
0000244  10059
0000246  10059
0000250  10040
0000252  10068
0000254  10077
0000256  10049
0000260  10059
0000262  10031
0000264  10003
0000266  10096
0000270  10160
0000272  10197
0000274  10197
0000276  10197
0000300  10197
0000302  10188
0000304  10114
0000306  10031
0000310  10059
0000312  10059
0000314  10077
0000316  10068
0000320  10059
0000322  10068
0000324  10049
0000326  10059
0000330  10142
0000332  10216
0000334  10169
0000336  10197
0000340  10216
0000342  10225
0000344  10197
0000346  10096
0000350  10077
0000352  10059
0000354  10086
0000356  10105
0000360  10105
0000362  10096
0000364  10077
0000366  10086
0000370  10123
0000372  10179
0000374  10206
0000376  10206
0000400  10234
0000402  10225
0000404  10216
0000406  10160
0000410  10105
0000412  10096
0000414  10123
0000416  10133
0000420  10133
0000422  10123
0000424  10123
0000426  10049
0000430  10086
0000432  10133
0000434  10169
0000436  10216
0000440  10243
0000442  10225
0000444  10225
0000446  10188
0000450  10123
0000452  10086
0000454  10086
0000456  10114
0000460  10086
0000462  10114
0000464  10096
0000466  10077
0000470  10077
0000472  10077
0000474  10197
0000476  10206
0000500  10206
0000502  10206
0000504  10197
0000506  10206
0000510  10123
0000512  10049
0000514  10059
0000516  10049
0000520  10077
0000522  10086
0000524  10086
0000526  10059
0000530  10068
0000532  10059
0000534  10114
0000536  10169
0000540  10216
0000542  10188
0000544  10188
0000546  10188
0000550  10206
0000552  10086
0000554  10049
0000556  10040
0000560  10068
0000562  10068
0000564  10012
0000566  10077
0000570  10077
0000572  10049
0000574  10096
0000576  10133
0000600  10160
0000602  10271
0000604  10271
0000606  10280
0000610  10280
0000612  10280
0000614  10040
0000616  10040
0000620  10040
0000622  10059
0000624  10040
0000626  10068
0000630  10077
0000632  10031
0000634  10142
0000636  10197
0000640  10262
0000642  10271
0000644  10280
0000646  10271
0000650  10308
0000652  10290
0000654  10206
0000656   9892
0000660   9929
0000662   9939
0000664   9976
0000666  10012
0000670  10040
0000672  10022
0000674  10022
0000676  10022
0000700  10059
0000702  10105
0000704  10142
0000706  10123
0000710  10123
0000712  10169
0000714  10151
0000716  10096
0000720  10012
0000722  10012
0000724  10012
0000726  10012
0000730  10003
0000732  10003
0000734  10012
0000736  10022
0000740  10049
0000742   9957
0000744  10133
0000746  10096
0000750  10077
0000752  10096
0000754  10105
0000756  10105
0000760  10077
0000762  10077
0000764  10068
0000766  10096
0000770  10179
0000772  10160
0000774  10206
0000776  10234
0001000  10197
0001002  10225
0001004  10206
0001006  10114
0001010  10133
0001012  10086
0001014  10105
0001016  10123
0001020  10096
0001022  10114
0001024  10096
0001026  10068
0001030  10133
0001032  10179
0001034  10206
0001036  10206
0001040  10206
0001042  10216
0001044  10197
0001046  10151
0001050  10105
0001052  10086
0001054  10105
0001056  10105
0001060  10105
0001062  10114
0001064  10086
0001066  10077
0001070  10068
0001072  10059
0001074  10059
0001076  10059
0001100  10059
0001102  10086
0001104  10151
0001106  10216
0001110  10216
0001112  10243
0001114  10225
0001116  10225
0001120  10160
0001122  10049
0001124  10059
0001126  10096
0001130  10077
0001132  10086
0001134  10096
0001136  10077
0001140  10077
0001142  10049
0001144  10151
0001146  10179
0001150  10188
0001152  10225
0001154  10216
0001156  10206
0001160  10216
0001162  10096
0001164  10086
0001166  10086
0001170  10059
0001172  10077
0001174  10031
0001176  10040
0001200  10040
0001202  10049
0001204  10040
0001206  10031
0001210  10022
0001212  10022
0001214  10114
0001216  10133
0001220  10151
0001222  10160
0001224  10188
0001226  10169
0001230  10086
0001232  10049
0001234  10040
0001236  10040
0001240  10040
0001242  10059
0001244  10068
0001246  10031
0001250  10059
0001252  10040
0001254  10077
0001256  10160
0001260  10206
0001262  10179
0001264  10225
0001266  10197
0001270  10188
0001272  10105
0001274  10096
0001276  10086
0001300  10068
0001302  10059
0001304  10068
0001306  10068
0001310  10059
0001312  10040
0001314  10086
0001316  10151
0001320  10188
0001322  10216
0001324  10216
0001326  10197
0001330  10206
0001332  10151
0001334  10096
0001336  10059
0001340  10068
0001342  10059
0001344  10077
0001346  10068
0001350  10040
0001352  10059
0001354  10077
0001356  10123
0001360  10188
0001362  10206
0001364  10206
0001366  10169
0001370  10206
0001372  10059
0001374  10086
0001376  10068
0001400  10068
0001402  10096
0001404  10105
0001406  10123
0001410  10077
0001412  10105
0001414  10179
0001416  10197
0001420  10206
0001422  10216
0001424  10216
0001426  10243
0001430  10188
0001432  10151
0001434  10133
0001436  10114
0001440  10105
0001442  10105
0001444  10133
0001446  10123
0001450  10068
0001452  10059
0001454  10105
0001456  10151
0001460  10160
0001462  10188
0001464  10197
0001466  10206
0001470  10206
0001472  10105
0001474  10059
0001476  10077
0001500  10068
0001502  10105
0001504  10086
0001506  10086
0001510  10086
0001512  10077
0001514  10068
0001516  10096
0001520  10151
0001522  10160
0001524  10096
0001526   9911
0001530   9763
0001532   9643
0001534   9597
0001536   9495
0001540   9717
0001542   9902
0001544   9929
0001546   9976
0001550  10086
0001552  10188
0001554  10206
0001556  10234
0001560  10253
0001562  10253
0001564  10206
0001566  10188
0001570  10179
0001572  10142
0001574  10160
0001576  10151
0001600  10160
0001602  10169
0001604  10160
0001606  10123
0001610  10179
0001612  10216
0001614  10225
0001616  10262
0001620  10262
0001622  10262
0001624  10234
0001626  10197
0001630  10142
0001632  10151
0001634  10151
0001636  10142
0001640  10160
0001642  10142
0001644  10151
0001646  10133
0001650  10142
0001652  10216
0001654  10243
0001656  10253
0001660  10243
0001662  10253
0001664  10216
0001666  10206
0001670  10123
0001672  10068
0001674  10049
0001676  10049
0001700  10059
0001702  10077
0001704  10059
0001706  10151
0001710  10031
0001712  10059
0001714  10151
0001716  10160
0001720  10206
0001722  10197
0001724  10197
0001726  10197
0001730  10179
0001732  10114
0001734  10096
0001736  10077
0001740  10068
0001742  10086
0001744  10086
0001746  10086
0001750  10077
0001752  10086
0001754  10151
0001756  10206
0001760  10225
0001762  10206
0001764  10197
0001766  10216
0001770  10206
0001772  10114
0001774  10114
0001776  10049
0002000  10049
0002002  10068
0002004  10049
0002006  10040
0002010  10049
0002012  10059
0002014  10068
0002016  10133
0002020  10160
0002022  10179
0002024  10133
0002026  10077
0002030  10068
0002032  10049
0002034  10049
0002036  10049
0002040  10068
0002042  10059
0002044  10059
0002046  10059
0002050  10068
0002052  10105
0002054  10160
0002056  10188
0002060  10142
0002062  10179
0002064  10179
0002066  10114
0002070  10059
0002072  10059
0002074  10059
0002076  10022
0002100  10049
0002102  10049
0002104  10049
0002106  10040
0002110  10049
0002112  10068
0002114  10142
0002116  10160
0002120  10160
0002122  10169
0002124  10179
0002126  10179
0002130  10077
0002132  10068
0002134  10049
0002136  10059
0002140  10059
0002142  10049
0002144  10059
0002146  10040
0002150  10040
0002152  10022
0002154  10086
0002156  10114
0002160  10160
0002162  10151
0002164  10068
0002166  10040
0002170  10068
0002172  10096
0002174  10114
0002176  10105
0002200  10114
0002202  10123
0002204  10123
0002206  10123
0002210  10179
0002212  10216
0002214  10243
0002216  10262
0002220  10253
0002222  10262
0002224  10225
0002226  10271
0002230  10225
0002232  10262
0002234  10234
0002236  10243
0002240  10234
0002242  10188
0002244  10169
0002246  10142
0002250  10096
0002252  10114
0002254  10151
0002256  10096
0002260  10123
0002262  10114
0002264  10142
0002266  10151
0002270  10216
0002272  10206
0002274  10206
0002276  10216
0002300  10243
0002302  10216
0002304  10160
0002306  10142
0002310  10114
0002312  10133
0002314  10142
0002316  10142
0002320  10114
0002322  10133
0002324  10114
0002326  10151
0002330  10114
0002332  10133
0002334  10123
0002336  10123
0002340  10123
0002342  10114
0002344  10114
0002346  10105
0002350  10105
0002352  10123
0002354  10188
0002356  10206
0002360  10197
0002362  10225
0002364  10225
0002366  10225
0002370  10206
0002372  10133
0002374  10114
0002376  10142
0002400  10105
0002402  10142
0002404  10114
0002406  10096
0002410  10114
0002412  10086
0002414  10179
0002416  10206
0002420  10206
0002422  10225
0002424  10225
0002426  10216
0002430  10188
0002432  10142
0002434  10096
0002436  10086
0002440  10096
0002442  10096
0002444  10114
0002446  10105
0002450  10086
0002452  10077
0002454  10096
0002456  10188
0002460  10197
0002462  10188
0002464  10160
0002466  10151
0002470  10151
0002472  10096
0002474  10123
0002476  10059
0002500  10068
0002502  10068
0002504  10059
0002506  10086
0002510  10077
0002512  10068
0002514  10059
0002516  10133
0002520  10151
0002522  10197
0002524  10188
0002526  10206
0002530  10225
0002532  10225
0002534  10197
0002536  10160
0002540  10142
0002542  10133
0002544  10142
0002546  10160
0002550  10142
0002552  10105
0002554  10114
0002556  10133
0002560  10188
0002562  10197
0002564  10216
0002566  10197
0002570  10225
0002572  10216
0002574  10197
0002576  10160
0002600  10160
0002602  10105
0002604  10133
0002606  10123
0002610  10142
0002612  10114
0002614  10114
0002616  10086
0002620  10105
0002622  10188
0002624  10188
0002626  10243
0002630  10197
0002632  10197
0002634  10206
0002636  10169
0002640  10133
0002642  10142
0002644  10114
0002646  10123
0002650  10133
0002652  10142
0002654  10142
0002656  10096
0002660  10133
0002662  10188
0002664  10234
0002666  10188
0002670  10225
0002672  10234
0002674  10243
0002676  10216
0002700  10206
0002702  10151
0002704  10123
0002706  10151
0002710  10142
0002712  10151
0002714  10114
0002716  10114
0002720  10114
0002722  10160
0002724  10188
0002726  10197
0002730  10206
0002732  10206
0002734  10206
0002736  10206
0002740  10188
0002742  10105
0002744  10086
0002746  10114
0002750  10096
0002752  10114
0002754  10114
0002756  10059
0002760  10049
0002762  10049
0002764  10123
0002766  10160
0002770  10188
0002772  10151
0002774  10216
0002776  10179
0003000  10206
0003002  10169
0003004  10105
0003006  10086
0003010  10114
0003012  10114
0003014  10133
0003016  10114
0003020  10105
0003022  10123
0003024  10151
0003026  10169
0003030  10188
0003032  10280
0003034  10280
0003036  10299
0003040  10308
0003042  10262
0003044  10225
0003046  10188
0003050  10206
0003052  10206
0003054  10225
0003056  10225
0003060  10197
0003062  10206
0003064  10197
0003066  10253
0003070  10290
0003072  10308
0003074  10290
0003076  10299
0003100  10317
0003102  10308
0003104  10197
0003106  10160
0003110  10123
0003112  10086
0003114  10123
0003116  10096
0003120  10096
0003122  10096
0003124  10105
0003126  10123
0003130  10160
0003132  10169
0003134  10169
0003136  10197
0003140  10206
0003142  10216
0003144  10179
0003146  10077
0003150  10077
0003152  10049
0003154  10068
0003156  10068
0003160  10077
0003162  10049
0003164  10049
0003166  10049
0003170  10059
0003172  10133
0003174  10151
0003176  10179
0003200  10169
0003202  10169
0003204  10169
0003206  10096
0003210  10040
0003212  10040
0003214  10049
0003216  10031
0003220  10040
0003222  10049
0003224  10022
0003226  10022
0003230  10012
0003232  10077
0003234  10114
0003236  10123
0003240  10160
0003242  10142
0003244  10133
0003246  10086
0003250  10040
0003252  10031
0003254  10003
0003256  10040
0003260  10068
0003262  10216
0003264  10234
0003266  10225
0003270  10216
0003272  10206
0003274  10216
0003276  10169
0003300  10114
0003302  10133
0003304  10114
0003306  10151
0003310  10133
0003312  10151
0003314  10142
0003316  10086
0003320  10188
0003322  10206
0003324  10234
0003326  10253
0003330  10243
0003332  10243
0003334  10262
0003336  10188
0003340  10096
0003342  10086
0003344  10068
0003346  10049
0003350  10059
0003352  10049
0003354  10059
0003356  10059
0003360  10077
0003362  10133
0003364  10179
0003366  10225
0003370  10225
0003372  10253
0003374  10243
0003376  10197
0003400  10142
0003402  10160
0003404  10114
0003406  10123
0003410  10142
0003412  10123
0003414  10077
0003416  10077
0003420  10059
0003422  10133
0003424  10160
0003426  10197
0003430  10234
0003432  10179
0003434  10206
0003436  10142
0003440     -1
0003442     -1
0003444     -1
0003446     -1
0003450     -1
0003452     -1
0003454     -1
0003456     -1
0003460     -1
0003462     -1
0003464     -1
0003466     -1
0003470     -1
0003472     -1
0003474     -1
0003476     -1
0003500     -1
0003502     -1
0003504     -1
0003506     -1
0003510     -1
0003512     -1
0003514     -1
0003516     -1
0003520     -1
0003522     -1
0003524     -1
0003526     -1
0003530     -1
0003532     -1
0003534     -1
0003536     -1
0003540     -1
0003542     -1
0003544     -1
0003546     -1
0003550     -1
0003552     -1
0003554     -1
0003556     -1
0003560     -1
0003562     -1
0003564     -1
0003566     -1
0003570     -1
0003572     -1
0003574     -1
0003576     -1
0003600     -1
0003602     -1
0003604     -1
0003606     -1
0003610     -1
0003612     -1
0003614     -1
0003616     -1
0003620     -1
0003622     -1
0003624     -1
0003626     -1
0003630     -1
0003632     -1
0003634     -1
0003636     -1
0003640     -1
0003642     -1
0003644     -1
0003646     -1
0003650     -1
0003652     -1
0003654     -1
0003656     -1
0003660     -1
0003662     -1
0003664     -1
0003666     -1
0003670     -1
0003672     -1
0003674     -1
0003676     -1
0003700     -1
0003702     -1
0003704     -1
0003706     -1
0003710     -1
0003712     -1
0003714     -1
0003716     -1
0003720     -1
0003722     -1
0003724     -1
0003726     -1
0003730     -1
0003732     -1
0003734     -1
0003736     -1
0003740     -1
0003742     -1
0003744     -1
0003746     -1
0003750     -1
0003752     -1
0003754     -1
0003756     -1
0003760     -1
0003762     -1
0003764     -1
0003766     -1
0003770     -1
0003772     -1
0003774     -1
0003776     -1
0004000
od -s -v -w2 data.dat > data.txt
