0000000   7131
0000002   7076
0000004   7131
0000006   7177
0000010   7611
0000012   7704
0000014   7565
0000016   7787
0000020   8286
0000022   7325
0000024   7380
0000026   7630
0000030   7491
0000032   7556
0000034   7473
0000036   7519
0000040   7510
0000042   7565
0000044   7177
0000046   6993
0000050   7205
0000052   7057
0000054   7066
0000056   7020
0000060   7103
0000062   7103
0000064   7094
0000066   7030
0000070   7113
0000072   7085
0000074   7140
0000076   7131
0000100   7159
0000102   7131
0000104   7150
0000106   7159
0000110   6946
0000112   7168
0000114   7177
0000116   7205
0000120   7223
0000122   7233
0000124   7140
0000126   7233
0000130   7205
0000132   7159
0000134   7187
0000136   7196
0000140   7177
0000142   7066
0000144   7150
0000146   7103
0000150   7066
0000152   7103
0000154   7066
0000156   7057
0000160   7039
0000162   7030
0000164   6956
0000166   7020
0000170   7002
0000172   6956
0000174   7556
0000176   7676
0000200   7177
0000202   7002
0000204   6983
0000206   6614
0000210   6937
0000212   6956
0000214   6863
0000216   6743
0000220   6983
0000222   6817
0000224   6836
0000226   6826
0000230   6789
0000232   6743
0000234   6623
0000236   6743
0000240   6780
0000242   6753
0000244   6688
0000246   6697
0000250   6688
0000252   6660
0000254   6725
0000256   6605
0000260   6623
0000262   6568
0000264   6660
0000266   6734
0000270   6854
0000272   7039
0000274   7279
0000276   7066
0000300   7020
0000302   7344
0000304   7122
0000306   7020
0000310   7048
0000312   7076
0000314   7113
0000316   7131
0000320   7085
0000322   7066
0000324   7085
0000326   6956
0000330   7131
0000332   7066
0000334   7094
0000336   7030
0000340   6891
0000342   6937
0000344   6956
0000346   6974
0000350   7307
0000352   7344
0000354   7796
0000356   7528
0000360   7593
0000362   7815
0000364   7353
0000366   7556
0000370   7565
0000372   7694
0000374   7713
0000376   7722
0000400   7648
0000402   7759
0000404   7639
0000406   7658
0000410   7048
0000412   6993
0000414   6956
0000416   7630
0000420   9403
0000422   9800
0000424  10077
0000426  10059
0000430  10059
0000432  10068
0000434  10068
0000436  10049
0000440  10049
0000442  10040
0000444  10068
0000446  10059
0000450  10077
0000452  10040
0000454  10031
0000456  10059
0000460  10068
0000462  10059
0000464  10059
0000466  10059
0000470  10049
0000472  10040
0000474  10049
0000476   8978
0000500   9791
0000502   9828
0000504   9846
0000506   9929
0000510   9819
0000512   9874
0000514   9929
0000516   9939
0000520   9939
0000522   9902
0000524   9948
0000526   9929
0000530   9929
0000532   9920
0000534   9929
0000536   9948
0000540   9902
0000542   9939
0000544   9680
0000546   9800
0000550   9902
0000552   9745
0000554   9338
0000556   9357
0000560   9717
0000562   9772
0000564   9495
0000566   9348
0000570   9745
0000572   9292
0000574   9440
0000576   9421
0000600   9615
0000602   9985
0000604   9957
0000606   9985
0000610   9486
0000612   9957
0000614   9828
0000616   9588
0000620   9911
0000622  10086
0000624   9874
0000626  10169
0000630   9883
0000632   9717
0000634   9985
0000636   9634
0000640   9717
0000642   9597
0000644  10234
0000646  10179
0000650   9782
0000652   9680
0000654   9662
0000656   9680
0000660   9772
0000662  10022
0000664  10022
0000666  10012
0000670  10225
0000672  10234
0000674   9588
0000676   9791
0000700   9551
0000702   9957
0000704   9551
0000706   9532
0000710   9855
0000712  10216
0000714   9634
0000716   9680
0000720   9458
0000722   9394
0000724   9486
0000726   9652
0000730   9597
0000732   9911
0000734  10031
0000736   9662
0000740   9939
0000742   9468
0000744   9578
0000746   9505
0000750   9643
0000752   9551
0000754   9920
0000756   9662
0000760   9421
0000762   9578
0000764   9458
0000766   9486
0000770   9421
0000772   9440
0000774   9957
0000776   9523
0001000   9966
0001002   9976
0001004   9865
0001006  10179
0001010  10031
0001012  10077
0001014   9929
0001016  10336
0001020  10114
0001022   9819
0001024   9874
0001026  10059
0001030  10003
0001032  10197
0001034  10068
0001036  10142
0001040  10179
0001042  10234
0001044   9939
0001046  10012
0001050   9976
0001052   9966
0001054   9929
0001056   9828
0001060   9846
0001062   9939
0001064   9800
0001066   9772
0001070  10123
0001072   9957
0001074   9846
0001076   9874
0001100  10363
0001102  10363
0001104   9763
0001106  10086
0001110  10003
0001112   9948
0001114   9828
0001116  10003
0001120   9874
0001122  10197
0001124   9874
0001126  10040
0001130   9883
0001132  10216
0001134   9819
0001136  10114
0001140  10151
0001142  10105
0001144  10040
0001146   9837
0001150  10169
0001152   9985
0001154  10003
0001156   9819
0001160   9782
0001162  10059
0001164  10096
0001166  10290
0001170  10068
0001172  10105
0001174   9948
0001176   9902
0001200   9855
0001202   9874
0001204   9883
0001206   9846
0001210   9902
0001212   9809
0001214   9865
0001216   9874
0001220   9939
0001222   9874
0001224   9911
0001226   9920
0001230   9976
0001232  10105
0001234   9985
0001236   9920
0001240   9966
0001242  10049
0001244   9966
0001246  10049
0001250   9994
0001252  10040
0001254  10012
0001256  10123
0001260  10105
0001262  10068
0001264  10086
0001266  10133
0001270  10123
0001272  10077
0001274  10003
0001276   9985
0001300   9994
0001302   9948
0001304   9966
0001306   9883
0001310   9948
0001312   9892
0001314   9966
0001316   9985
0001320  10022
0001322   9994
0001324   9966
0001326   9985
0001330  10049
0001332  10003
0001334  10022
0001336   9985
0001340   9966
0001342   9976
0001344  10114
0001346  10012
0001350  10188
0001352  10216
0001354  10206
0001356  10197
0001360  10133
0001362  10123
0001364  10188
0001366  10197
0001370  10225
0001372   9976
0001374   9819
0001376   9865
0001400  10133
0001402   9819
0001404   9819
0001406   9920
0001410   9800
0001412   9782
0001414   9846
0001416   9994
0001420   9588
0001422  10206
0001424  10105
0001426   9717
0001430   9948
0001432   9698
0001434   9745
0001436   9809
0001440  10354
0001442   9855
0001444  10225
0001446   9985
0001450   9976
0001452  10123
0001454  10012
0001456   9809
0001460   9902
0001462   9957
0001464   9846
0001466   9846
0001470   9745
0001472   8516
0001474   7630
0001476     -1
0001500     -1
0001502     -1
0001504     -1
0001506     -1
0001510     -1
0001512     -1
0001514     -1
0001516     -1
0001520     -1
0001522     -1
0001524     -1
0001526     -1
0001530     -1
0001532     -1
0001534     -1
0001536     -1
0001540     -1
0001542     -1
0001544     -1
0001546     -1
0001550     -1
0001552     -1
0001554     -1
0001556     -1
0001560     -1
0001562     -1
0001564     -1
0001566     -1
0001570     -1
0001572     -1
0001574     -1
0001576     -1
0001600     -1
0001602     -1
0001604     -1
0001606     -1
0001610     -1
0001612     -1
0001614     -1
0001616     -1
0001620     -1
0001622     -1
0001624     -1
0001626     -1
0001630     -1
0001632     -1
0001634     -1
0001636     -1
0001640     -1
0001642     -1
0001644     -1
0001646     -1
0001650     -1
0001652     -1
0001654     -1
0001656     -1
0001660     -1
0001662     -1
0001664     -1
0001666     -1
0001670     -1
0001672     -1
0001674     -1
0001676     -1
0001700     -1
0001702     -1
0001704     -1
0001706     -1
0001710     -1
0001712     -1
0001714     -1
0001716     -1
0001720     -1
0001722     -1
0001724     -1
0001726     -1
0001730     -1
0001732     -1
0001734     -1
0001736     -1
0001740     -1
0001742     -1
0001744     -1
0001746     -1
0001750     -1
0001752     -1
0001754     -1
0001756     -1
0001760     -1
0001762     -1
0001764     -1
0001766     -1
0001770     -1
0001772     -1
0001774     -1
0001776     -1
0002000
od -s -v -w2 data.bin
