0000000      0  10225      1   9633
0000010      0  10229      1   9579
0000020      0  10222      1   9622
0000030      0  10213      1   9611
0000040      0  10225      1   9612
0000050      0  10352      1   9594
0000060      0  10333      1   9604
0000070      0  10305      1   9548
0000100      0  10451      1   9609
0000110      0  10308      1   9569
0000120      0  10317      1   9556
0000130      0  10314      1   9555
0000140      0  10391      1   9601
0000150      0  10305      1   9574
0000160      0  10321      1   9532
0000170      0  10301      1   9483
0000200      0  10497      1  11943
0000210      0  10485      1   9537
0000220      0  10497      1  11921
0000230      0  10381      1   9530
0000240      0  10427      1   9520
0000250      0  10400      1   9492
0000260      0  10347      1   9499
0000270      0  10375      1   9482
0000300      0  10377      1   9436
0000310      0  10333      1   9439
0000320      0  10326      1   9516
0000330      0  10435      1  11895
0000340     -1     -1     -1     -1
0000350     -1     -1     -1     -1
0000360     -1     -1     -1     -1
0000370     -1     -1     -1     -1
0000400
