0000000      0   9799   9799   9792   9799
0000012      0  10259  10249  10256  10267
0000024      0  10315  10324  10312  10267
0000036      0  10315  10324  10319  10324
0000050      0  10315  10324  10321  10324
0000062      0  10306  10324  10306  10324
0000074      0  10240  10249  10240  10249
0000106      0  10231  10249  10235  10249
0000120      0  10203  10175  10209  10212
0000132      0  10193  10175  10198  10193
0000144      0  10240  10249  10233  10230
0000156      0  10240  10249  10242  10249
0000170      0  10249  10249  10246  10249
0000202      0  10249  10249  10246  10249
0000214      0  10249  10249  10249  10249
0000226      0  10240  10249  10240  10249
0000240      0  10221  10249  10221  10249
0000252      0  10231  10249  10233  10249
0000264      0  10240  10249  10240  10249
0000276      0  10240  10249  10240  10249
0000310      0  10249  10249  10249  10249
0000322      0  10249  10324  10251  10249
0000334      0  10259  10249  10259  10267
0000346      0  10249  10249  10251  10249
0000360      0  10249  10249  10249  10249
0000372      0  10240  10249  10242  10249
0000404      0  10249  10249  10249  10267
0000416      0  10287  10324  10287  10305
0000430      0  10306  10324  10306  10305
0000442      0  10324  10324  10319  10324
0000454      0  10315  10324  10319  10305
0000466      0  10315  10324  10310  10324
0000500      0  10259  10249  10268  10305
0000512      0  10249  10249  10249  10249
0000524      0  10240  10249  10240  10230
0000536      0  10231  10249  10240  10249
0000550      0  10240  10249  10242  10249
0000562      0  10249  10249  10246  10249
0000574      0  10249  10249  10249  10267
0000606      0  10249  10249  10244  10249
0000620      0  10240  10249  10240  10249
0000632      0  10221  10175  10226  10230
0000644      0  10212  10249  10216  10230
0000656      0  10240  10249  10240  10249
0000670      0  10249  10249  10249  10249
0000702      0  10249  10249  10256  10267
0000714      0  10278  10324  10259  10249
0000726      0  10268  10249  10273  10267
0000740      0  10249  10249  10249  10249
0000752      0  10231  10249  10240  10249
0000764      0  10212  10175  10221  10212
0000776      0  10212  10249  10218  10230
0001010      0  10240  10249  10240  10212
0001022      0  10240  10249  10240  10249
0001034      0  10249  10249  10249  10249
0001046      0  10249  10249  10251  10249
0001060     -1     -1     -1     -1     -1
0001072     -1     -1     -1     -1     -1
0001104     -1     -1     -1     -1     -1
0001116     -1     -1     -1     -1     -1
0001130     -1     -1     -1     -1     -1
0001142     -1     -1     -1     -1     -1
0001154     -1     -1     -1     -1     -1
0001166     -1     -1     -1     -1     -1
0001200     -1     -1     -1     -1     -1
0001212     -1     -1     -1     -1     -1
0001224     -1     -1     -1     -1     -1
0001236     -1     -1     -1     -1     -1
0001250     -1     -1     -1     -1     -1
0001262     -1     -1     -1     -1     -1
0001274     -1     -1     -1     -1     -1
0001306     -1     -1     -1     -1     -1
0001320     -1     -1     -1     -1     -1
0001332     -1     -1     -1     -1     -1
0001344     -1     -1     -1     -1     -1
0001356     -1     -1     -1     -1     -1
0001370     -1     -1     -1     -1     -1
0001402     -1     -1     -1     -1     -1
0001414     -1     -1     -1     -1     -1
0001426     -1     -1     -1     -1     -1
0001440     -1     -1     -1     -1     -1
0001452     -1     -1     -1     -1     -1
0001464     -1     -1     -1     -1     -1
0001476     -1     -1     -1     -1     -1
0001510     -1     -1     -1     -1     -1
0001522     -1     -1     -1     -1     -1
0001534     -1     -1     -1     -1     -1
0001546     -1     -1     -1     -1     -1
0001560     -1     -1     -1     -1     -1
0001572     -1     -1     -1     -1     -1
0001604     -1     -1     -1     -1     -1
0001616     -1     -1     -1     -1     -1
0001630     -1     -1     -1     -1     -1
0001642     -1     -1     -1     -1     -1
0001654     -1     -1     -1     -1     -1
0001666     -1     -1     -1     -1     -1
0001700     -1     -1     -1     -1     -1
0001712     -1     -1     -1     -1     -1
0001724     -1     -1     -1     -1     -1
0001736     -1     -1     -1     -1     -1
0001750     -1     -1     -1     -1     -1
0001762     -1     -1     -1     -1     -1
0001774     -1     -1
0002000
od -s -v -w10 data.dat > data.txt
