0000000      0   7578   7625   7584   7662
0000012      0   8000   8000   8000   8018
0000024      0   8168   8225   8175   8187
0000036      0   8600   8600   8604   8600
0000050      0   9003   8974   9007   9050
0000062      0   9293   9275   9309   9312
0000074      0   9500   9500   9506   9518
0000106      0   9687   9649   9682   9725
0000120      0   9799   9799   9799   9817
0000132      0   9893   9799   9900   9874
0000144      0   9940   9950   9942   9950
0000156      0   9996  10099   9998   9968
0000170      0  10043  10099  10038  10042
0000202      0  10062  10024  10071  10080
0000214      0  10081  10099  10085  10099
0000226      0  10099  10099  10094  10099
0000240      0  10099  10099  10104  10137
0000252      0  10118  10099  10111  10137
0000264      0  10118  10175  10125  10118
0000276      0  10128  10175  10125  10155
0000310      0  10137  10175  10141  10137
0000322      0  10146  10175  10146  10137
0000334      0  10146  10175  10151  10156
0000346      0  10156  10175  10153  10156
0000360      0  10165  10175  10160  10156
0000372      0  10165  10175  10163  10175
0000404      0  10165  10249  10170  10193
0000416      0  10184  10175  10175  10193
0000430      0  10175  10175  10179  10193
0000442      0  10175  10249  10179  10175
0000454      0  10175  10175  10181  10175
0000466      0  10175  10175  10188  10137
0000500      0  10184  10175  10186  10175
0000512      0  10175  10175  10188  10193
0000524      0  10193  10175  10186  10212
0000536      0  10175  10175  10186  10175
0000550      0  10184  10175  10193  10212
0000562      0  10193  10175  10193  10212
0000574      0  10193  10249  10190  10212
0000606      0  10184  10099  10190  10175
0000620      0  10193  10175  10195  10193
0000632      0  10193  10175  10190  10193
0000644      0  10193  10175  10200  10193
0000656      0  10193  10249  10203  10212
0000670      0  10203  10249  10209  10230
0000702      0  10212  10175  10214  10230
0000714      0  10203  10175  10214  10249
0000726      0  10212  10249  10218  10249
0000740      0  10221  10175  10218  10193
0000752      0  10221  10175  10226  10249
0000764      0  10231  10175  10226  10212
0000776      0  10221  10175  10231  10230
0001010      0  10231  10249  10228  10212
0001022      0  10231  10175  10233  10249
0001034      0  10240  10249  10237  10230
0001046      0  10231  10249  10235  10212
0001060      0  10240  10249  10237  10230
0001072      0  10231  10249  10235  10230
0001104      0  10231  10249  10237  10249
0001116      0  10240  10249  10240  10249
0001130      0  10240  10249  10240  10249
0001142      0  10240  10249  10237  10249
0001154      0  10231  10249  10240  10249
0001166      0  10240  10249  10240  10249
0001200      0  10240  10249  10242  10249
0001212      0  10240  10249  10240  10249
0001224      0  10240  10249  10246  10249
0001236      0  10240  10249  10242  10249
0001250      0  10240  10249  10249  10267
0001262      0  10240  10324  10240  10249
0001274      0  10240  10249  10242  10249
0001306      0  10240  10249  10244  10230
0001320      0  10249  10249  10246  10267
0001332      0  10240  10249  10246  10249
0001344      0  10240  10249  10246  10230
0001356      0  10240  10249  10246  10249
0001370      0  10249  10249  10246  10249
0001402      0  10249  10249  10246  10249
0001414      0  10240  10249  10249  10249
0001426      0  10249  10249  10249  10267
0001440      0  10249  10249  10249  10249
0001452      0  10249  10249  10246  10249
0001464      0  10240  10249  10249  10249
0001476      0  10249  10249  10249  10267
0001510      0  10249  10249  10246  10249
0001522      0  10249  10249  10249  10249
0001534      0  10249  10249  10249  10249
0001546      0  10249  10249  10246  10249
0001560      0  10249  10249  10251  10249
0001572      0  10249  10249  10249  10249
0001604      0  10249  10249  10249  10249
0001616      0  10249  10249  10249  10249
0001630      0  10249  10249  10246  10249
0001642      0  10249  10249  10244  10249
0001654      0  10240  10249  10242  10249
0001666      0  10249  10249  10249  10249
0001700      0  10249  10249  10246  10230
0001712      0  10249  10249  10242  10249
0001724      0  10249  10249  10246  10249
0001736      0  10249  10249  10240  10249
0001750      0  10240  10249  10242  10230
0001762      0  10240  10249  10242  10249
0001774      0  10240  10249  10242  10249
0002006      0  10240  10249  10240  10249
0002020      0  10240  10249  10242  10249
0002032      0  10240  10249  10240  10249
0002044      0  10240  10249  10242  10249
0002056      0  10240  10249  10240  10230
0002070      0  10249  10249  10242  10249
0002102      0  10240  10249  10240  10249
0002114      0  10240  10249  10240  10249
0002126      0  10240  10249  10240  10249
0002140      0  10240  10249  10237  10249
0002152      0  10240  10249  10242  10230
0002164      0  10240  10249  10235  10249
0002176      0  10240  10249  10237  10230
0002210      0  10231  10175  10235  10230
0002222      0  10231  10249  10235  10230
0002234      0  10231  10249  10226  10249
0002246      0  10221  10175  10223  10230
0002260      0  10212  10175  10218  10212
0002272      0  10231  10249  10216  10230
0002304      0  10212  10175  10221  10230
0002316      0  10212  10175  10209  10212
0002330      0  10212  10249  10212  10193
0002342      0  10212  10249  10212  10212
0002354      0  10212  10175  10214  10193
0002366      0  10212  10249  10214  10230
0002400      0  10212  10249  10218  10212
0002412      0  10212  10249  10216  10212
0002424      0  10221  10249  10216  10193
0002436      0  10212  10175  10214  10175
0002450      0  10203  10175  10202  10193
0002462      0  10175  10175  10181  10175
0002474      0  10165  10175  10167  10175
0002506      0  10175  10175  10165  10156
0002520      0  10175  10175  10179  10156
0002532      0  10184  10175  10188  10175
0002544      0  10184  10175  10188  10175
0002556      0  10175  10099  10181  10175
0002570      0  10175  10175  10177  10193
0002602      0  10184  10175  10181  10175
0002614      0  10184  10175  10188  10175
0002626      0  10184  10175  10190  10212
0002640      0  10184  10175  10184  10193
0002652      0  10175  10249  10177  10156
0002664      0  10184  10249  10184  10156
0002676      0  10175  10175  10184  10175
0002710      0  10184  10175  10190  10175
0002722      0  10193  10175  10193  10212
0002734      0  10193  10175  10198  10193
0002746      0  10184  10249  10193  10212
0002760      0  10193  10175  10190  10230
0002772      0  10203  10175  10195  10193
0003004      0  10193  10249  10190  10175
0003016      0  10193  10175  10188  10193
0003030      0  10184  10175  10186  10193
0003042      0  10175  10099  10188  10193
0003054      0  10184  10175  10184  10175
0003066      0  10175  10175  10179  10193
0003100      0  10175  10175  10181  10212
0003112      0  10175  10175  10181  10174
0003124      0  10175  10175  10177  10175
0003136      0  10184  10175  10177  10193
0003150      0  10175  10175  10177  10174
0003162      0  10175  10175  10175  10193
0003174      0  10165  10175  10175  10175
0003206      0  10175  10175  10179  10212
0003220      0  10175  10175  10175  10175
0003232      0  10175  10175  10179  10193
0003244      0  10184  10175  10177  10175
0003256      0  10175  10175  10177  10175
0003270      0  10175  10175  10175  10212
0003302      0  10175  10175  10179  10175
0003314      0  10184  10175  10179  10137
0003326      0  10184  10099  10179  10175
0003340      0  10175  10175  10179  10175
0003352      0  10175  10175  10181  10193
0003364      0  10175  10175  10175  10174
0003376      0  10184  10249  10177  10193
0003410      0  10175  10249  10179  10193
0003422      0  10184  10175  10181  10193
0003434      0  10175  10175  10181  10193
0003446      0  10184  10175  10181  10193
0003460      0  10175  10175  10181  10193
0003472      0  10175  10175  10175  10156
0003504      0  10184  10175  10179  10212
0003516      0  10184  10099  10179  10137
0003530      0  10184  10175  10181  10193
0003542      0  10175  10175  10181  10175
0003554      0  10184  10175  10181  10193
0003566      0  10175  10175  10175  10175
0003600      0  10175  10175  10181  10175
0003612      0  10184  10175  10184  10193
0003624      0  10184  10175  10186  10193
0003636      0  10184  10249  10184  10175
0003650      0  10184  10175  10181  10175
0003662      0  10184  10175  10188  10174
0003674      0  10193  10249  10193  10175
0003706      0  10193  10175  10190  10175
0003720      0  10184  10175  10184  10211
0003732      0  10193  10175  10188  10193
0003744      0  10184  10175  10186  10175
0003756      0  10184  10175  10184  10156
0003770      0  10184  10249  10181  10174
0004002      0  10184  10175  10181  10193
0004014      0  10175  10175  10177  10156
0004026      0  10184   9950  10179  10193
0004040      0  10184  10249  10181  10193
0004052      0  10175  10175  10179  10193
0004064      0  10193  10175  10181  10175
0004076      0  10184  10175  10190  10175
0004110      0  10184  10175  10190  10193
0004122      0  10203  10175  10190  10212
0004134      0  10203  10249  10198  10175
0004146      0  10193  10175  10198  10193
0004160      0  10193  10175  10200  10212
0004172      0  10193  10175  10198  10193
0004204      0  10193  10249  10193  10193
0004216      0  10193  10099  10195  10175
0004230      0  10184  10249  10193  10193
0004242      0  10175  10175  10190  10193
0004254      0  10193  10175  10186  10155
0004266      0  10184  10175  10193  10193
0004300      0  10193  10175  10195  10193
0004312      0  10193  10175  10190  10193
0004324      0  10184  10175  10195  10193
0004336      0  10184  10175  10193  10175
0004350      0  10184  10175  10188  10212
0004362      0  10193  10175  10186  10193
0004374      0  10184  10175  10184  10175
0004406      0  10184  10175  10181  10193
0004420      0  10184  10175  10188  10193
0004432      0  10184  10175  10186  10175
0004444      0  10193  10175  10188  10175
0004456      0  10193  10175  10188  10193
0004470      0  10184  10175  10193  10212
0004502      0  10203  10175  10198  10193
0004514      0  10184  10175  10198  10175
0004526      0  10193  10175  10195  10193
0004540      0  10203  10249  10198  10193
0004552      0  10203  10175  10200  10175
0004564      0  10203  10175  10200  10212
0004576      0  10203  10249  10198  10212
0004610      0  10193  10175  10200  10212
0004622      0  10193  10249  10198  10175
0004634      0  10193  10249  10207  10230
0004646      0  10193  10175  10202  10212
0004660      0  10203  10249  10198  10212
0004672      0  10203  10175  10195  10230
0004704      0  10193  10175  10186  10193
0004716      0  10193  10175  10186  10175
0004730      0  10184  10175  10193  10193
0004742      0  10184  10175  10188  10193
0004754      0  10184  10249  10186  10212
0004766      0  10193  10175  10190  10175
0005000      0  10193  10175  10193  10175
0005012      0  10193  10175  10181  10193
0005024      0  10184  10249  10181  10175
0005036      0  10184  10175  10179  10193
0005050      0  10184  10175  10184  10193
0005062      0  10175  10175  10174  10156
0005074      0  10175  10175  10175  10175
0005106      0  10175  10175  10175  10175
0005120      0  10175  10175  10175  10156
0005132      0  10165  10175  10177  10175
0005144      0  10175  10175  10177  10175
0005156      0  10165  10175  10175  10193
0005170      0  10175  10175  10174  10175
0005202      0  10165  10175  10170  10175
0005214      0  10165  10175  10167  10175
0005226      0  10165  10175  10170  10193
0005240      0  10165  10175  10165  10156
0005252      0  10165  10175  10160  10174
0005264      0  10165  10175  10158  10156
0005276      0  10156  10099  10153  10175
0005310      0  10156  10099  10158  10175
0005322      0  10165  10175  10158  10137
0005334      0  10156  10249  10160  10175
0005346      0  10156  10099  10160  10156
0005360      0  10165  10099  10165  10175
0005372      0  10165  10175  10162  10156
0005404      0  10175  10175  10170  10175
0005416      0  10156  10175  10170  10156
0005430      0  10175  10175  10174  10175
0005442      0  10184  10175  10179  10175
0005454      0  10184  10175  10184  10175
0005466      0  10175  10175  10184  10175
0005500      0  10184  10249  10188  10175
0005512      0  10184  10175  10188  10175
0005524      0  10193  10175  10193  10193
0005536      0  10193  10175  10193  10193
0005550      0  10193  10175  10193  10175
0005562      0  10193  10249  10195  10193
0005574      0  10193  10175  10200  10175
0005606      0  10193  10175  10205  10193
0005620      0  10203  10249  10207  10193
0005632      0  10212  10249  10214  10193
0005644      0  10212  10175  10212  10230
0005656      0  10212  10175  10216  10230
0005670      0  10221  10175  10219  10212
0005702      0  10212  10249  10223  10249
0005714      0  10231  10249  10228  10230
0005726      0  10221  10175  10228  10212
0005740      0  10231  10249  10233  10249
0005752      0  10231  10249  10233  10230
0005764      0  10231  10249  10233  10230
0005776      0  10221  10175  10228  10249
0006010      0  10231  10249  10231  10230
0006022      0  10231  10249  10233  10230
0006034      0  10240  10249  10233  10230
0006046      0  10231  10249  10240  10249
0006060      0  10231  10249  10235  10249
0006072      0  10231  10249  10233  10230
0006104      0  10240  10249  10237  10267
0006116      0  10240  10249  10237  10230
0006130      0  10240  10249  10235  10193
0006142      0  10231  10249  10240  10249
0006154      0  10240  10249  10240  10230
0006166      0  10240  10175  10237  10249
0006200      0  10240  10249  10240  10249
0006212      0  10240  10249  10240  10230
0006224      0  10240  10249  10240  10230
0006236      0  10240  10175  10240  10249
0006250      0  10240  10249  10242  10230
0006262      0  10240  10249  10242  10249
0006274      0  10240  10249  10240  10249
0006306      0  10240  10249  10240  10249
0006320      0  10240  10175  10240  10230
0006332      0  10249  10249  10242  10230
0006344      0  10240  10249  10242  10249
0006356      0  10240  10249  10240  10249
0006370      0  10240  10249  10244  10249
0006402      0  10249  10249  10242  10230
0006414      0  10240  10249  10240  10249
0006426      0  10249  10249  10242  10249
0006440      0  10240  10249  10240  10249
0006452      0  10240  10249  10240  10249
0006464      0  10240  10175  10240  10193
0006476      0  10240  10249  10242  10249
0006510      0  10240  10249  10242  10249
0006522      0  10240  10249  10240  10249
0006534      0  10240  10249  10240  10249
0006546      0  10240  10249  10240  10249
0006560      0  10240  10249  10237  10230
0006572      0  10240  10249  10240  10230
0006604      0  10240  10249  10240  10230
0006616      0  10231  10249  10240  10249
0006630      0  10240  10249  10240  10249
0006642      0  10240  10249  10233  10249
0006654      0  10240  10249  10235  10249
0006666      0  10231  10249  10233  10230
0006700      0  10240  10249  10235  10230
0006712      0  10240  10249  10235  10230
0006724      0  10231  10175  10230  10249
0006736      0  10231  10175  10228  10230
0006750      0  10231  10249  10226  10230
0006762      0  10212  10249  10214  10230
0006774      0  10212  10249  10212  10230
0007006      0  10212  10175  10214  10175
0007020      0  10212  10175  10216  10193
0007032      0  10212  10249  10207  10175
0007044      0  10203  10175  10203  10212
0007056      0  10193  10175  10198  10193
0007070      0  10193  10249  10195  10212
0007102      0  10193  10249  10181  10175
0007114      0  10184  10175  10177  10175
0007126      0  10175  10175  10177  10193
0007140      0  10175  10175  10179  10175
0007152      0  10175  10249  10179  10175
0007164      0  10193  10175  10181  10175
0007176      0  10193  10175  10181  10193
0007210      0  10175  10175  10186  10193
0007222      0  10184  10175  10188  10175
0007234      0  10184  10249  10190  10175
0007246      0  10184  10175  10186  10193
0007260      0  10184  10175  10190  10193
0007272      0  10184  10175  10190  10212
0007304      0  10184  10175  10190  10193
0007316      0  10193  10249  10193  10212
0007330      0  10184  10249  10195  10175
0007342      0   9978  10024   9982   9987
0007354      0   7971   7850   7966   7906
0007366      0   7840   7700   7821   8018
0007400      0   7784   7625   7758   7812
0007412     -1     -1     -1     -1     -1
0007424     -1     -1     -1     -1     -1
0007436     -1     -1     -1     -1     -1
0007450     -1     -1     -1     -1     -1
0007462     -1     -1     -1     -1     -1
0007474     -1     -1     -1     -1     -1
0007506     -1     -1     -1     -1     -1
0007520     -1     -1     -1     -1     -1
0007532     -1     -1     -1     -1     -1
0007544     -1     -1     -1     -1     -1
0007556     -1     -1     -1     -1     -1
0007570     -1     -1     -1     -1     -1
0007602     -1     -1     -1     -1     -1
0007614     -1     -1     -1     -1     -1
0007626     -1     -1     -1     -1     -1
0007640     -1     -1     -1     -1     -1
0007652     -1     -1     -1     -1     -1
0007664     -1     -1     -1     -1     -1
0007676     -1     -1     -1     -1     -1
0007710     -1     -1     -1     -1
0007720
od -s -v -w10 min.dat > min.txt
