0000000   7621
0000002   7556
0000004   7861
0000006   7916
0000010   7935
0000012   7935
0000014   7916
0000016   7935
0000020   7916
0000022   7907
0000024   7907
0000026   7870
0000030   7888
0000032   7879
0000034   7861
0000036   7861
0000040   7851
0000042   7842
0000044   7851
0000046   7833
0000050   7833
0000052   7833
0000054   7805
0000056   7805
0000060   7796
0000062   7778
0000064   7778
0000066   7768
0000070   7768
0000072   7731
0000074   7750
0000076   7731
0000100   7713
0000102   7713
0000104   7713
0000106   7694
0000110   7713
0000112   7676
0000114   7658
0000116   7676
0000120   7648
0000122   7648
0000124   7639
0000126   7630
0000130   7658
0000132   7658
0000134   7648
0000136  10012
0000140  10040
0000142  10086
0000144  10077
0000146  10151
0000150  10114
0000152  10317
0000154  10225
0000156  10290
0000160  10317
0000162  10262
0000164  10188
0000166  10206
0000170  10151
0000172  10160
0000174  10114
0000176  10151
0000200  10105
0000202  10086
0000204  10068
0000206  10086
0000210  10123
0000212  10151
0000214  10151
0000216  10225
0000220  10299
0000222  10253
0000224  10216
0000226  10206
0000230  10197
0000232  10225
0000234  10188
0000236  10160
0000240  10188
0000242  10169
0000244  10068
0000246  10151
0000250  10151
0000252  10206
0000254  10253
0000256  10206
0000260  10216
0000262  10243
0000264  10188
0000266  10179
0000270  10151
0000272  10197
0000274  10151
0000276  10160
0000300  10142
0000302  10123
0000304  10133
0000306  10086
0000310  10105
0000312  10216
0000314  10206
0000316  10169
0000320  10243
0000322  10243
0000324   8720
0000326   7713
0000330   7556
0000332   7491
0000334   7445
0000336   7436
0000340   7427
0000342   7399
0000344   7399
0000346   7362
0000350   7344
0000352   7344
0000354   7334
0000356   7334
0000360   7334
0000362   7316
0000364   7288
0000366   7270
0000370   7270
0000372   7270
0000374   7260
0000376   7251
0000400   7251
0000402   7233
0000404   7223
0000406   7214
0000410   7205
0000412   7177
0000414   7177
0000416   7150
0000420   7150
0000422   7131
0000424   7131
0000426   7113
0000430   7103
0000432   7113
0000434   7085
0000436   7076
0000440   7131
0000442     -1
0000444     -1
0000446     -1
0000450     -1
0000452     -1
0000454     -1
0000456     -1
0000460     -1
0000462     -1
0000464     -1
0000466     -1
0000470     -1
0000472     -1
0000474     -1
0000476     -1
0000500     -1
0000502     -1
0000504     -1
0000506     -1
0000510     -1
0000512     -1
0000514     -1
0000516     -1
0000520     -1
0000522     -1
0000524     -1
0000526     -1
0000530     -1
0000532     -1
0000534     -1
0000536     -1
0000540     -1
0000542     -1
0000544     -1
0000546     -1
0000550     -1
0000552     -1
0000554     -1
0000556     -1
0000560     -1
0000562     -1
0000564     -1
0000566     -1
0000570     -1
0000572     -1
0000574     -1
0000576     -1
0000600     -1
0000602     -1
0000604     -1
0000606     -1
0000610     -1
0000612     -1
0000614     -1
0000616     -1
0000620     -1
0000622     -1
0000624     -1
0000626     -1
0000630     -1
0000632     -1
0000634     -1
0000636     -1
0000640     -1
0000642     -1
0000644     -1
0000646     -1
0000650     -1
0000652     -1
0000654     -1
0000656     -1
0000660     -1
0000662     -1
0000664     -1
0000666     -1
0000670     -1
0000672     -1
0000674     -1
0000676     -1
0000700     -1
0000702     -1
0000704     -1
0000706     -1
0000710     -1
0000712     -1
0000714     -1
0000716     -1
0000720     -1
0000722     -1
0000724     -1
0000726     -1
0000730     -1
0000732     -1
0000734     -1
0000736     -1
0000740     -1
0000742     -1
0000744     -1
0000746     -1
0000750     -1
0000752     -1
0000754     -1
0000756     -1
0000760     -1
0000762     -1
0000764     -1
0000766     -1
0000770     -1
0000772     -1
0000774     -1
0000776     -1
0001000
od -s -v -w2 data.dat > data.txt

