0000000      0   8244      1   8038
0000010      0   8288      1   8075
0000020      0   8327      1   8090
0000030      0   8380      1   8129
0000040      0   8396      1   8133
0000050      0  10116      1   9851
0000060      0  10171      1   9923
0000070      0  10190      1   9950
0000100      0  10174      1   9946
0000110      0  10227      1   9967
0000120      0  10197      1   9974
0000130      0  10222      1   9988
0000140      0  10231      1   9991
0000150      0  10229      1   9992
0000160      0  10220      1   9980
0000170      0  10185      1   9966
0000200      0  10166      1   9956
0000210      0  10201      1   9945
0000220      0  10197      1   9937
0000230      0  10190      1   9938
0000240      0  10153      1   9935
0000250      0  10199      1   9921
0000260      0  10176      1   9944
0000270      0  10201      1   9948
0000300      0  10201      1   9961
0000310      0  10176      1   9955
0000320      0  10236      1   9967
0000330      0  10264      1   9981
0000340      0  10201      1   9994
0000350      0  10213      1   9993
0000360      0  10271      1   9991
0000370      0  10229      1   9962
0000400      0  10243      1   9959
0000410      0  10187      1   9958
0000420      0  10176      1   9971
0000430      0  10241      1   9966
0000440      0  10210      1   9971
0000450      0  10222      1   9954
0000460      0  10206      1   9970
0000470      0  10213      1   9948
0000500      0  10248      1   9975
0000510      0  10222      1   9975
0000520      0  10204      1   9979
0000530      0  10229      1   9985
0000540      0  10266      1   9996
0000550      0  10238      1   9996
0000560      0  10218      1  10000
0000570      0  10252      1   9985
0000600      0  10264      1   9975
0000610      0  10192      1   9969
0000620      0  10220      1   9954
0000630      0  10174      1   9954
0000640      0  10224      1   9937
0000650      0  10178      1   9946
0000660      0  10178      1   9941
0000670      0  10206      1   9947
0000700      0  10199      1   9944
0000710      0  10236      1   9968
0000720      0  10178      1   9953
0000730      0  10215      1   9972
0000740      0  10229      1   9977
0000750      0  10241      1   9992
0000760      0  10241      1   9991
0000770      0  10262      1   9992
0001000      0  10227      1   9977
0001010      0  10229      1   9975
0001020      0  10229      1   9966
0001030      0  10224      1   9973
0001040      0  10215      1   9921
0001050      0  10169      1   9924
0001060      0  10162      1   9922
0001070      0  10162      1   9924
0001100      0  10178      1   9922
0001110      0  10201      1   9947
0001120      0  10234      1   9964
0001130     -1     -1     -1     -1
0001140     -1     -1     -1     -1
0001150     -1     -1     -1     -1
0001160     -1     -1     -1     -1
0001170     -1     -1     -1     -1
0001200     -1     -1     -1     -1
0001210     -1     -1     -1     -1
0001220     -1     -1     -1     -1
0001230     -1     -1     -1     -1
0001240     -1     -1     -1     -1
0001250     -1     -1     -1     -1
0001260     -1     -1     -1     -1
0001270     -1     -1     -1     -1
0001300     -1     -1     -1     -1
0001310     -1     -1     -1     -1
0001320     -1     -1     -1     -1
0001330     -1     -1     -1     -1
0001340     -1     -1     -1     -1
0001350     -1     -1     -1     -1
0001360     -1     -1     -1     -1
0001370     -1     -1     -1     -1
0001400     -1     -1     -1     -1
0001410     -1     -1     -1     -1
0001420     -1     -1     -1     -1
0001430     -1     -1     -1     -1
0001440     -1     -1     -1     -1
0001450     -1     -1     -1     -1
0001460     -1     -1     -1     -1
0001470     -1     -1     -1     -1
0001500     -1     -1     -1     -1
0001510     -1     -1     -1     -1
0001520     -1     -1     -1     -1
0001530     -1     -1     -1     -1
0001540     -1     -1     -1     -1
0001550     -1     -1     -1     -1
0001560     -1     -1     -1     -1
0001570     -1     -1     -1     -1
0001600     -1     -1     -1     -1
0001610     -1     -1     -1     -1
0001620     -1     -1     -1     -1
0001630     -1     -1     -1     -1
0001640     -1     -1     -1     -1
0001650     -1     -1     -1     -1
0001660     -1     -1     -1     -1
0001670     -1     -1     -1     -1
0001700     -1     -1     -1     -1
0001710     -1     -1     -1     -1
0001720     -1     -1     -1     -1
0001730     -1     -1     -1     -1
0001740     -1     -1     -1     -1
0001750     -1     -1     -1     -1
0001760     -1     -1     -1     -1
0001770     -1     -1     -1     -1
0002000
od -s -v -w8 data.dat > data.txt

