0000000   9375
0000002   9985
0000004  10105
0000006  10160
0000010  10160
0000012  10160
0000014  10179
0000016  10179
0000020  10114
0000022  10049
0000024  10040
0000026  10086
0000030  10059
0000032  10068
0000034  10105
0000036  10086
0000040  10077
0000042  10040
0000044  10114
0000046  10160
0000050  10225
0000052  10234
0000054  10179
0000056  10188
0000060  10206
0000062  10086
0000064  10040
0000066  10077
0000070  10086
0000072  10096
0000074  10086
0000076  10049
0000100  10022
0000102  10040
0000104  10059
0000106  10151
0000110  10206
0000112  10216
0000114  10216
0000116  10225
0000120  10243
0000122  10179
0000124  10068
0000126  10114
0000130  10086
0000132  10123
0000134  10114
0000136  10151
0000140  10105
0000142  10105
0000144  10022
0000146  10031
0000150  10096
0000152  10077
0000154  10105
0000156  10077
0000160  10086
0000162  10068
0000164  10123
0000166  10197
0000170  10179
0000172  10225
0000174  10216
0000176  10216
0000200  10188
0000202  10086
0000204  10059
0000206  10068
0000210  10077
0000212  10096
0000214  10086
0000216  10077
0000220  10068
0000222  10049
0000224  10077
0000226  10133
0000230  10188
0000232  10206
0000234  10197
0000236  10188
0000240  10216
0000242  10151
0000244  10059
0000246  10059
0000250  10040
0000252  10068
0000254  10077
0000256  10049
0000260  10059
0000262  10031
0000264  10003
0000266  10096
0000270  10160
0000272  10197
0000274  10197
0000276  10197
0000300  10197
0000302  10188
0000304  10114
0000306  10031
0000310  10059
0000312  10059
0000314  10077
0000316  10068
0000320  10059
0000322  10068
0000324  10049
0000326  10059
0000330  10142
0000332  10216
0000334  10169
0000336  10197
0000340  10216
0000342  10225
0000344  10197
0000346  10096
0000350  10077
0000352  10059
0000354  10086
0000356  10105
0000360  10105
0000362  10096
0000364  10077
0000366  10086
0000370  10123
0000372  10179
0000374  10206
0000376  10206
0000400  10234
0000402  10225
0000404  10216
0000406  10160
0000410  10105
0000412  10096
0000414  10123
0000416  10133
0000420  10133
0000422  10123
0000424  10123
0000426  10049
0000430  10086
0000432  10133
0000434  10169
0000436  10216
0000440  10243
0000442  10225
0000444  10225
0000446  10188
0000450  10123
0000452  10086
0000454  10086
0000456  10114
0000460  10086
0000462  10114
0000464  10096
0000466  10077
0000470  10077
0000472  10077
0000474  10197
0000476  10206
0000500  10206
0000502  10206
0000504  10197
0000506  10206
0000510  10123
0000512  10049
0000514  10059
0000516  10049
0000520  10077
0000522  10086
0000524  10086
0000526  10059
0000530  10068
0000532  10059
0000534  10114
0000536  10169
0000540  10216
0000542  10188
0000544  10188
0000546  10188
0000550  10206
0000552  10086
0000554  10049
0000556  10040
0000560  10068
0000562  10068
0000564  10012
0000566  10077
0000570  10077
0000572  10049
0000574  10096
0000576  10133
0000600  10160
0000602  10271
0000604  10271
0000606  10280
0000610  10280
0000612  10280
0000614  10040
0000616  10040
0000620  10040
0000622  10059
0000624  10040
0000626  10068
0000630  10077
0000632  10031
0000634  10142
0000636  10197
0000640  10262
0000642  10271
0000644  10280
0000646  10271
0000650  10308
0000652  10290
0000654  10206
0000656   9892
0000660   9929
0000662   9939
0000664   9976
0000666  10012
0000670  10040
0000672  10022
0000674  10022
0000676  10022
0000700  10059
0000702  10105
0000704  10142
0000706  10123
0000710  10123
0000712  10169
0000714  10151
0000716  10096
0000720  10012
0000722  10012
0000724  10012
0000726  10012
0000730  10003
0000732  10003
0000734  10012
0000736  10022
0000740  10049
0000742   9957
0000744  10133
0000746  10096
0000750  10077
0000752  10096
0000754  10105
0000756  10105
0000760  10077
0000762  10077
0000764  10068
0000766  10096
0000770  10179
0000772  10160
0000774  10206
0000776  10234
0001000  10197
0001002  10225
0001004  10206
0001006  10114
0001010  10133
0001012  10086
0001014  10105
0001016  10123
0001020  10096
0001022  10114
0001024  10096
0001026  10068
0001030  10133
0001032  10179
0001034  10206
0001036  10206
0001040  10206
0001042  10216
0001044  10197
0001046  10151
0001050  10105
0001052  10086
0001054  10105
0001056  10105
0001060  10105
0001062  10114
0001064  10086
0001066  10077
0001070  10068
0001072  10059
0001074  10059
0001076  10059
0001100  10059
0001102  10086
0001104  10151
0001106  10216
0001110  10216
0001112  10243
0001114  10225
0001116  10225
0001120  10160
0001122  10049
0001124  10059
0001126  10096
0001130  10077
0001132  10086
0001134  10096
0001136  10077
0001140  10077
0001142  10049
0001144  10151
0001146  10179
0001150  10188
0001152  10225
0001154  10216
0001156  10206
0001160  10216
0001162  10096
0001164  10086
0001166  10086
0001170  10059
0001172  10077
0001174  10031
0001176  10040
0001200  10040
0001202  10049
0001204  10040
0001206  10031
0001210  10022
0001212  10022
0001214  10114
0001216  10133
0001220  10151
0001222  10160
0001224  10188
0001226  10169
0001230  10086
0001232  10049
0001234  10040
0001236  10040
0001240  10040
0001242  10059
0001244  10068
0001246  10031
0001250  10059
0001252  10040
0001254  10077
0001256  10160
0001260  10206
0001262  10179
0001264  10225
0001266  10197
0001270  10188
0001272  10105
0001274  10096
0001276  10086
0001300  10068
0001302  10059
0001304  10068
0001306  10068
0001310  10059
0001312  10040
0001314  10086
0001316  10151
0001320  10188
0001322  10216
0001324  10216
0001326  10197
0001330  10206
0001332  10151
0001334  10096
0001336  10059
0001340  10068
0001342  10059
0001344  10077
0001346  10068
0001350  10040
0001352  10059
0001354  10077
0001356  10123
0001360  10188
0001362  10206
0001364  10206
0001366  10169
0001370  10206
0001372  10059
0001374  10086
0001376  10068
0001400  10068
0001402  10096
0001404  10105
0001406  10123
0001410  10077
0001412  10105
0001414  10179
0001416  10197
0001420  10206
0001422  10216
0001424  10216
0001426  10243
0001430  10188
0001432  10151
0001434  10133
0001436  10114
0001440  10105
0001442  10105
0001444  10133
0001446  10123
0001450  10068
0001452  10059
0001454  10105
0001456  10151
0001460  10160
0001462  10188
0001464  10197
0001466  10206
0001470  10206
0001472  10105
0001474  10059
0001476  10077
0001500  10068
0001502  10105
0001504  10086
0001506  10086
0001510  10086
0001512  10077
0001514  10068
0001516  10096
0001520  10151
0001522  10160
0001524  10096
0001526   9911
0001530   9763
0001532   9643
0001534   9597
0001536   9495
0001540   9717
0001542   9902
0001544   9929
0001546   9976
0001550  10086
0001552  10188
0001554  10206
0001556  10234
0001560  10253
0001562  10253
0001564  10206
0001566  10188
0001570  10179
0001572  10142
0001574  10160
0001576  10151
0001600  10160
0001602  10169
0001604  10160
0001606  10123
0001610  10179
0001612  10216
0001614  10225
0001616  10262
0001620  10262
0001622  10262
0001624  10234
0001626  10197
0001630  10142
0001632  10151
0001634  10151
0001636  10142
0001640  10160
0001642  10142
0001644  10151
0001646  10133
0001650  10142
0001652  10216
0001654  10243
0001656  10253
0001660  10243
0001662  10253
0001664  10216
0001666  10206
0001670  10123
0001672  10068
0001674  10049
0001676  10049
0001700  10059
0001702  10077
0001704  10059
0001706  10151
0001710  10031
0001712  10059
0001714  10151
0001716  10160
0001720  10206
0001722  10197
0001724  10197
0001726  10197
0001730  10179
0001732  10114
0001734  10096
0001736  10077
0001740  10068
0001742  10086
0001744  10086
0001746  10086
0001750  10077
0001752  10086
0001754  10151
0001756  10206
0001760  10225
0001762  10206
0001764  10197
0001766  10216
0001770  10206
0001772  10114
0001774  10114
0001776  10049
0002000  10049
0002002  10068
0002004  10049
0002006  10040
0002010  10049
0002012  10059
0002014  10068
0002016  10133
0002020  10160
0002022  10179
0002024  10133
0002026  10077
0002030  10068
0002032  10049
0002034  10049
0002036  10049
0002040  10068
0002042  10059
0002044  10059
0002046  10059
0002050  10068
0002052  10105
0002054  10160
0002056  10188
0002060  10142
0002062  10179
0002064  10179
0002066  10114
0002070  10059
0002072  10059
0002074  10059
0002076  10022
0002100  10049
0002102  10049
0002104  10049
0002106  10040
0002110  10049
0002112  10068
0002114  10142
0002116  10160
0002120  10160
0002122  10169
0002124  10179
0002126  10179
0002130  10077
0002132  10068
0002134  10049
0002136  10059
0002140  10059
0002142  10049
0002144  10059
0002146  10040
0002150  10040
0002152  10022
0002154  10086
0002156  10114
0002160  10160
0002162  10151
0002164  10068
0002166  10040
0002170  10068
0002172  10096
0002174  10114
0002176  10105
0002200  10114
0002202  10123
0002204  10123
0002206  10123
0002210  10179
0002212  10216
0002214  10243
0002216  10262
0002220  10253
0002222  10262
0002224  10225
0002226  10271
0002230  10225
0002232  10262
0002234  10234
0002236  10243
0002240  10234
0002242  10188
0002244  10169
0002246  10142
0002250  10096
0002252  10114
0002254  10151
0002256  10096
0002260  10123
0002262  10114
0002264  10142
0002266  10151
0002270  10216
0002272  10206
0002274  10206
0002276  10216
0002300  10243
0002302  10216
0002304  10160
0002306  10142
0002310  10114
0002312  10133
0002314  10142
0002316  10142
0002320  10114
0002322  10133
0002324  10114
0002326  10151
0002330  10114
0002332  10133
0002334  10123
0002336  10123
0002340  10123
0002342  10114
0002344  10114
0002346  10105
0002350  10105
0002352  10123
0002354  10188
0002356  10206
0002360  10197
0002362  10225
0002364  10225
0002366  10225
0002370  10206
0002372  10133
0002374  10114
0002376  10142
0002400  10105
0002402  10142
0002404  10114
0002406  10096
0002410  10114
0002412  10086
0002414  10179
0002416  10206
0002420  10206
0002422  10225
0002424  10225
0002426  10216
0002430  10188
0002432  10142
0002434  10096
0002436  10086
0002440  10096
0002442  10096
0002444  10114
0002446  10105
0002450  10086
0002452  10077
0002454  10096
0002456  10188
0002460  10197
0002462  10188
0002464  10160
0002466  10151
0002470  10151
0002472  10096
0002474  10123
0002476  10059
0002500  10068
0002502  10068
0002504  10059
0002506  10086
0002510  10077
0002512  10068
0002514  10059
0002516  10133
0002520  10151
0002522  10197
0002524  10188
0002526  10206
0002530  10225
0002532  10225
0002534  10197
0002536  10160
0002540  10142
0002542  10133
0002544  10142
0002546  10160
0002550  10142
0002552  10105
0002554  10114
0002556  10133
0002560  10188
0002562  10197
0002564  10216
0002566  10197
0002570  10225
0002572  10216
0002574  10197
0002576  10160
0002600  10160
0002602  10105
0002604  10133
0002606  10123
0002610  10142
0002612  10114
0002614  10114
0002616  10086
0002620  10105
0002622  10188
0002624  10188
0002626  10243
0002630  10197
0002632  10197
0002634  10206
0002636  10169
0002640  10133
0002642  10142
0002644  10114
0002646  10123
0002650  10133
0002652  10142
0002654  10142
0002656  10096
0002660  10133
0002662  10188
0002664  10234
0002666  10188
0002670  10225
0002672  10234
0002674  10243
0002676  10216
0002700  10206
0002702  10151
0002704  10123
0002706  10151
0002710  10142
0002712  10151
0002714  10114
0002716  10114
0002720  10114
0002722  10160
0002724  10188
0002726  10197
0002730  10206
0002732  10206
0002734  10206
0002736  10206
0002740  10188
0002742  10105
0002744  10086
0002746  10114
0002750  10096
0002752  10114
0002754  10114
0002756  10059
0002760  10049
0002762  10049
0002764  10123
0002766  10160
0002770  10188
0002772  10151
0002774  10216
0002776  10179
0003000  10206
0003002  10169
0003004  10105
0003006  10086
0003010  10114
0003012  10114
0003014  10133
0003016  10114
0003020  10105
0003022  10123
0003024  10151
0003026  10169
0003030  10188
0003032  10280
0003034  10280
0003036  10299
0003040  10308
0003042  10262
0003044  10225
0003046  10188
0003050  10206
0003052  10206
0003054  10225
0003056  10225
0003060  10197
0003062  10206
0003064  10197
0003066  10253
0003070  10290
0003072  10308
0003074  10290
0003076  10299
0003100  10317
0003102  10308
0003104  10197
0003106  10160
0003110  10123
0003112  10086
0003114  10123
0003116  10096
0003120  10096
0003122  10096
0003124  10105
0003126  10123
0003130  10160
0003132  10169
0003134  10169
0003136  10197
0003140  10206
0003142  10216
0003144  10179
0003146  10077
0003150  10077
0003152  10049
0003154  10068
0003156  10068
0003160  10077
0003162  10049
0003164  10049
0003166  10049
0003170  10059
0003172  10133
0003174  10151
0003176  10179
0003200  10169
0003202  10169
0003204  10169
0003206  10096
0003210  10040
0003212  10040
0003214  10049
0003216  10031
0003220  10040
0003222  10049
0003224  10022
0003226  10022
0003230  10012
0003232  10077
0003234  10114
0003236  10123
0003240  10160
0003242  10142
0003244  10133
0003246  10086
0003250  10040
0003252  10031
0003254  10003
0003256  10040
0003260  10068
0003262  10216
0003264  10234
0003266  10225
0003270  10216
0003272  10206
0003274  10216
0003276  10169
0003300  10114
0003302  10133
0003304  10114
0003306  10151
0003310  10133
0003312  10151
0003314  10142
0003316  10086
0003320  10188
0003322  10206
0003324  10234
0003326  10253
0003330  10243
0003332  10243
0003334  10262
0003336  10188
0003340  10096
0003342  10086
0003344  10068
0003346  10049
0003350  10059
0003352  10049
0003354  10059
0003356  10059
0003360  10077
0003362  10133
0003364  10179
0003366  10225
0003370  10225
0003372  10253
0003374  10243
0003376  10197
0003400  10142
0003402  10160
0003404  10114
0003406  10123
0003410  10142
0003412  10123
0003414  10077
0003416  10077
0003420  10059
0003422  10133
0003424  10160
0003426  10197
0003430  10234
0003432  10179
0003434  10206
0003436  10142
0003440  10003
0003442  10151
0003444  10169
0003446  10142
0003450  10142
0003452  10105
0003454  10077
0003456  10077
0003460  10077
0003462  10049
0003464  10068
0003466  10086
0003470  10068
0003472  10077
0003474  10077
0003476  10040
0003500  10077
0003502  10114
0003504  10123
0003506  10142
0003510  10133
0003512  10096
0003514  10059
0003516  10031
0003520  10049
0003522  10040
0003524  10068
0003526  10049
0003530  10049
0003532  10059
0003534  10031
0003536  10040
0003540  10049
0003542  10086
0003544  10096
0003546  10123
0003550  10133
0003552  10123
0003554  10049
0003556   9920
0003560   9791
0003562   9745
0003564   9911
0003566   9976
0003570   9994
0003572  10022
0003574  10077
0003576  10049
0003600  10068
0003602  10096
0003604  10169
0003606  10160
0003610  10206
0003612  10234
0003614  10188
0003616  10123
0003620  10123
0003622  10123
0003624  10105
0003626  10040
0003630  10031
0003632  10031
0003634   9985
0003636  10031
0003640  10012
0003642  10022
0003644  10059
0003646  10105
0003650  10151
0003652  10169
0003654  10169
0003656  10133
0003660  10114
0003662  10077
0003664  10096
0003666  10105
0003670  10123
0003672  10123
0003674  10059
0003676  10059
0003700  10049
0003702  10068
0003704  10040
0003706  10086
0003710  10123
0003712  10123
0003714  10123
0003716  10105
0003720  10049
0003722  10049
0003724  10040
0003726  10040
0003730  10059
0003732  10049
0003734  10040
0003736  10012
0003740  10031
0003742  10031
0003744  10049
0003746  10068
0003750  10068
0003752  10086
0003754  10077
0003756  10068
0003760  10059
0003762  10031
0003764  10022
0003766  10040
0003770  10040
0003772  10049
0003774  10049
0003776  10031
0004000  10022
0004002  10012
0004004  10040
0004006  10049
0004010  10049
0004012  10096
0004014  10068
0004016  10068
0004020  10040
0004022  10031
0004024   9985
0004026  10003
0004030  10022
0004032  10031
0004034  10031
0004036  10003
0004040  10003
0004042  10022
0004044  10012
0004046  10068
0004050  10049
0004052  10077
0004054  10096
0004056  10114
0004060  10105
0004062  10142
0004064  10179
0004066  10188
0004070  10151
0004072  10105
0004074  10068
0004076  10077
0004100  10077
0004102  10096
0004104  10077
0004106  10068
0004110  10049
0004112  10077
0004114  10068
0004116  10059
0004120  10086
0004122  10123
0004124  10123
0004126  10160
0004130  10160
0004132  10105
0004134  10086
0004136  10059
0004140  10049
0004142  10059
0004144  10077
0004146  10040
0004150  10068
0004152  10049
0004154  10049
0004156  10031
0004160  10077
0004162  10114
0004164  10188
0004166  10197
0004170  10206
0004172  10197
0004174  10169
0004176  10068
0004200  10142
0004202  10133
0004204  10151
0004206  10151
0004210  10049
0004212  10049
0004214  10049
0004216  10031
0004220  10012
0004222  10059
0004224  10068
0004226  10068
0004230  10059
0004232  10059
0004234  10031
0004236  10068
0004240  10049
0004242  10040
0004244  10059
0004246  10049
0004250  10022
0004252  10049
0004254  10059
0004256  10049
0004260  10059
0004262  10068
0004264  10086
0004266  10096
0004270  10133
0004272  10133
0004274  10086
0004276  10077
0004300  10086
0004302  10068
0004304  10012
0004306  10049
0004310  10068
0004312  10040
0004314  10049
0004316  10068
0004320  10040
0004322  10049
0004324  10086
0004326  10077
0004330  10086
0004332  10096
0004334  10086
0004336  10077
0004340  10077
0004342  10049
0004344  10040
0004346  10022
0004350  10031
0004352  10059
0004354  10068
0004356  10059
0004360  10068
0004362  10031
0004364  10077
0004366  10114
0004370  10096
0004372  10142
0004374  10133
0004376  10105
0004400  10105
0004402  10068
0004404  10049
0004406  10031
0004410  10059
0004412  10059
0004414  10049
0004416  10049
0004420  10049
0004422  10049
0004424  10049
0004426  10077
0004430  10086
0004432  10096
0004434  10105
0004436  10086
0004440  10105
0004442  10059
0004444  10040
0004446  10077
0004450  10077
0004452  10077
0004454  10049
0004456  10068
0004460  10068
0004462  10022
0004464  10031
0004466  10068
0004470  10040
0004472  10086
0004474  10086
0004476  10086
0004500  10114
0004502  10068
0004504  10049
0004506  10059
0004510  10040
0004512  10077
0004514  10068
0004516  10068
0004520  10059
0004522  10049
0004524  10059
0004526  10040
0004530  10151
0004532  10188
0004534  10206
0004536  10234
0004540  10216
0004542  10197
0004544  10206
0004546  10160
0004550  10151
0004552  10114
0004554  10169
0004556  10169
0004560  10160
0004562  10169
0004564  10169
0004566  10151
0004570  10169
0004572  10197
0004574  10197
0004576  10197
0004600  10206
0004602  10216
0004604  10188
0004606  10188
0004610  10096
0004612  10068
0004614  10086
0004616  10096
0004620  10068
0004622  10086
0004624  10059
0004626  10096
0004630  10059
0004632  10086
0004634  10114
0004636  10133
0004640  10142
0004642  10133
0004644  10105
0004646  10068
0004650  10049
0004652  10059
0004654  10068
0004656  10040
0004660  10059
0004662  10077
0004664  10077
0004666  10077
0004670  10077
0004672  10086
0004674  10105
0004676  10151
0004700  10160
0004702  10188
0004704  10188
0004706  10133
0004710  10151
0004712  10114
0004714  10086
0004716  10105
0004720  10105
0004722  10123
0004724  10123
0004726  10105
0004730  10133
0004732  10105
0004734  10142
0004736  10133
0004740  10197
0004742  10216
0004744  10188
0004746  10169
0004750  10114
0004752  10133
0004754  10133
0004756  10114
0004760  10123
0004762  10105
0004764  10086
0004766  10105
0004770  10105
0004772  10105
0004774  10077
0004776  10086
0005000  10096
0005002  10114
0005004  10086
0005006  10068
0005010  10086
0005012  10105
0005014  10096
0005016  10151
0005020  10142
0005022  10133
0005024  10169
0005026  10188
0005030  10133
0005032  10114
0005034  10105
0005036  10077
0005040  10096
0005042  10077
0005044  10086
0005046  10077
0005050  10059
0005052  10059
0005054  10086
0005056  10096
0005060  10142
0005062  10160
0005064  10151
0005066  10169
0005070  10151
0005072  10096
0005074  10086
0005076  10068
0005100  10068
0005102  10068
0005104  10086
0005106  10049
0005110  10077
0005112  10059
0005114  10068
0005116  10068
0005120  10114
0005122  10123
0005124  10160
0005126  10142
0005130  10142
0005132  10086
0005134  10096
0005136  10086
0005140  10059
0005142  10059
0005144  10077
0005146  10068
0005150  10077
0005152  10077
0005154  10059
0005156  10068
0005160  10096
0005162  10133
0005164  10151
0005166  10151
0005170  10151
0005172  10123
0005174  10142
0005176  10179
0005200  10160
0005202  10133
0005204  10151
0005206  10160
0005210  10142
0005212  10160
0005214  10151
0005216  10160
0005220  10151
0005222  10197
0005224  10206
0005226  10225
0005230  10216
0005232  10206
0005234  10206
0005236  10188
0005240  10179
0005242  10160
0005244  10151
0005246  10160
0005250  10169
0005252  10123
0005254  10077
0005256  10105
0005260  10086
0005262  10105
0005264  10169
0005266  10169
0005270  10197
0005272  10206
0005274  10179
0005276  10160
0005300  10123
0005302  10114
0005304  10133
0005306  10123
0005310  10123
0005312  10142
0005314  10151
0005316  10133
0005320  10151
0005322  10142
0005324  10188
0005326  10206
0005330  10142
0005332  10160
0005334  10169
0005336  10142
0005340  10105
0005342  10086
0005344  10068
0005346  10068
0005350  10077
0005352  10086
0005354  10068
0005356  10077
0005360  10077
0005362  10068
0005364  10040
0005366  10105
0005370  10114
0005372  10133
0005374  10179
0005376  10123
0005400  10096
0005402  10077
0005404  10059
0005406  10059
0005410  10068
0005412  10086
0005414  10059
0005416  10068
0005420  10068
0005422  10059
0005424  10040
0005426  10077
0005430  10123
0005432  10142
0005434  10142
0005436  10142
0005440  10133
0005442  10114
0005444  10096
0005446  10068
0005450  10077
0005452  10059
0005454  10059
0005456  10068
0005460   9107
0005462   7778
0005464   8821
0005466   9763
0005470   9966
0005472  10225
0005474  10290
0005476  10437
0005500  10567
0005502  10493
0005504  10502
0005506  10548
0005510  10456
0005512  10483
0005514  10465
0005516  10502
0005520  10502
0005522  10511
0005524  10493
0005526  10493
0005530  10474
0005532  10483
0005534  10502
0005536  10502
0005540  10511
0005542  10483
0005544  10474
0005546  10502
0005550  10511
0005552  10511
0005554  10511
0005556  10493
0005560  10520
0005562  10502
0005564  10511
0005566  10511
0005570  10530
0005572  10502
0005574  10456
0005576  10493
0005600  10530
0005602  10520
0005604  10502
0005606  10539
0005610  10511
0005612  10520
0005614  10483
0005616  10502
0005620  10520
0005622  10493
0005624  10520
0005626  10539
0005630  10502
0005632  10493
0005634  10493
0005636  10493
0005640  10483
0005642  10483
0005644  10465
0005646  10493
0005650  10493
0005652  10474
0005654  10474
0005656  10502
0005660  10474
0005662  10474
0005664  10465
0005666  10502
0005670  10502
0005672  10493
0005674  10511
0005676  10483
0005700  10493
0005702  10483
0005704  10511
0005706  10493
0005710  10493
0005712  10483
0005714  10511
0005716  10483
0005720  10502
0005722  10493
0005724  10483
0005726  10502
0005730  10502
0005732  10483
0005734  10483
0005736  10520
0005740  10483
0005742  10520
0005744  10502
0005746  10502
0005750  10493
0005752  10493
0005754  10520
0005756  10493
0005760  10493
0005762  10493
0005764  10511
0005766  10502
0005770  10502
0005772  10502
0005774  10493
0005776  10502
0006000  10483
0006002  10511
0006004  10511
0006006  10493
0006010  10483
0006012  10474
0006014  10483
0006016  10511
0006020  10511
0006022  10511
0006024  10511
0006026  10530
0006030  10530
0006032  10539
0006034  10548
0006036  10520
0006040  10530
0006042  10548
0006044  10557
0006046  10548
0006050  10585
0006052  10539
0006054  10530
0006056  10548
0006060  10520
0006062  10557
0006064  10520
0006066  10557
0006070  10539
0006072  10520
0006074  10530
0006076  10548
0006100  10539
0006102  10511
0006104  10511
0006106  10520
0006110  10474
0006112  10520
0006114  10456
0006116  10557
0006120  10520
0006122  10520
0006124  10493
0006126  10520
0006130  10437
0006132  10465
0006134  10465
0006136  10446
0006140  10520
0006142  10502
0006144  10493
0006146  10511
0006150  10548
0006152  10548
0006154  10539
0006156  10557
0006160  10502
0006162  10493
0006164  10539
0006166  10511
0006170  10520
0006172  10548
0006174  10530
0006176  10567
0006200  10539
0006202  10567
0006204  10567
0006206  10539
0006210  10530
0006212  10548
0006214  10530
0006216  10539
0006220  10557
0006222  10502
0006224  10511
0006226  10539
0006230  10576
0006232  10419
0006234  10530
0006236  10493
0006240  10520
0006242  10483
0006244  10511
0006246  10502
0006250  10511
0006252  10493
0006254  10511
0006256  10483
0006260  10493
0006262  10493
0006264  10539
0006266  10502
0006270  10493
0006272  10465
0006274  10465
0006276  10548
0006300  10548
0006302  10567
0006304  10567
0006306  10567
0006310  10557
0006312  10576
0006314  10576
0006316  10548
0006320  10585
0006322  10576
0006324  10567
0006326  10557
0006330  10557
0006332  10567
0006334  10585
0006336  10567
0006340  10400
0006342  10446
0006344  10446
0006346  10474
0006350  10345
0006352  10308
0006354  10336
0006356  10345
0006360  10446
0006362  10446
0006364  10391
0006366  10437
0006370  10456
0006372  10446
0006374  10437
0006376  10446
0006400  10446
0006402  10465
0006404  10474
0006406  10446
0006410  10474
0006412  10483
0006414  10493
0006416  10483
0006420  10465
0006422  10391
0006424  10206
0006426  10465
0006430  10483
0006432  10419
0006434  10446
0006436  10437
0006440  10456
0006442  10446
0006444  10437
0006446  10428
0006450  10456
0006452  10428
0006454  10446
0006456  10437
0006460  10456
0006462  10465
0006464  10446
0006466  10446
0006470  10317
0006472  10373
0006474  10391
0006476  10336
0006500  10363
0006502  10382
0006504  10373
0006506  10336
0006510  10400
0006512  10336
0006514  10363
0006516  10363
0006520  10410
0006522  10373
0006524  10391
0006526  10400
0006530  10391
0006532  10363
0006534  10410
0006536  10354
0006540  10373
0006542  10437
0006544  10446
0006546  10410
0006550  10345
0006552  10465
0006554  10456
0006556  10446
0006560  10456
0006562  10474
0006564  10502
0006566  10493
0006570  10502
0006572  10493
0006574  10502
0006576  10483
0006600  10483
0006602  10511
0006604  10493
0006606  10474
0006610  10502
0006612  10493
0006614  10483
0006616  10483
0006620  10465
0006622  10446
0006624  10502
0006626  10511
0006630  10502
0006632  10493
0006634  10511
0006636  10511
0006640  10493
0006642  10511
0006644  10502
0006646  10502
0006650  10502
0006652  10511
0006654  10483
0006656  10511
0006660  10493
0006662  10530
0006664  10280
0006666  10400
0006670  10520
0006672  10502
0006674  10493
0006676  10502
0006700  10483
0006702  10326
0006704  10456
0006706  10511
0006710  10511
0006712  10465
0006714  10502
0006716  10493
0006720  10511
0006722  10502
0006724  10493
0006726  10530
0006730  10511
0006732  10493
0006734  10493
0006736  10446
0006740  10530
0006742  10493
0006744  10511
0006746  10530
0006750  10502
0006752  10511
0006754  10520
0006756  10502
0006760  10465
0006762  10483
0006764  10493
0006766  10502
0006770  10493
0006772  10456
0006774  10474
0006776  10493
0007000  10474
0007002  10474
0007004  10502
0007006  10493
0007010  10530
0007012  10493
0007014  10502
0007016  10493
0007020  10483
0007022  10502
0007024  10474
0007026  10483
0007030  10493
0007032  10502
0007034  10502
0007036  10502
0007040  10474
0007042  10502
0007044  10474
0007046  10493
0007050  10530
0007052  10520
0007054  10502
0007056  10474
0007060  10530
0007062  10585
0007064  10594
0007066  10594
0007070  10640
0007072  10603
0007074  10483
0007076  10502
0007100  10493
0007102  10483
0007104  10483
0007106  10520
0007110  10493
0007112  10474
0007114  10483
0007116  10474
0007120  10493
0007122  10483
0007124  10483
0007126  10520
0007130  10483
0007132  10493
0007134  10483
0007136  10502
0007140  10474
0007142  10456
0007144  10493
0007146  10456
0007150  10502
0007152  10465
0007154  10520
0007156  10502
0007160  10567
0007162  10502
0007164  10520
0007166  10511
0007170  10530
0007172  10520
0007174  10520
0007176  10539
0007200  10530
0007202  10511
0007204  10520
0007206  10548
0007210  10539
0007212  10557
0007214  10493
0007216  10511
0007220  10539
0007222  10557
0007224  10520
0007226  10483
0007230  10511
0007232  10493
0007234  10483
0007236  10502
0007240  10520
0007242  10465
0007244  10502
0007246  10483
0007250  10511
0007252  10493
0007254  10483
0007256  10511
0007260  10483
0007262  10483
0007264  10511
0007266  10493
0007270  10493
0007272  10502
0007274  10474
0007276  10493
0007300  10493
0007302  10511
0007304  10483
0007306  10483
0007310  10502
0007312  10493
0007314  10511
0007316  10502
0007320  10502
0007322  10493
0007324  10493
0007326  10502
0007330  10493
0007332  10502
0007334  10502
0007336  10493
0007340  10511
0007342  10493
0007344  10493
0007346  10502
0007350  10530
0007352  10493
0007354  10502
0007356  10493
0007360  10511
0007362  10511
0007364  10502
0007366  10557
0007370  10502
0007372  10483
0007374  10520
0007376  10502
0007400  10483
0007402  10530
0007404  10493
0007406  10474
0007410  10511
0007412  10474
0007414  10493
0007416  10493
0007420  10502
0007422  10483
0007424  10483
0007426  10511
0007430  10493
0007432  10483
0007434  10483
0007436  10483
0007440  10502
0007442  10474
0007444  10502
0007446  10493
0007450  10502
0007452  10502
0007454  10520
0007456  10474
0007460  10493
0007462  10502
0007464  10502
0007466  10502
0007470  10520
0007472  10483
0007474  10530
0007476  10511
0007500  10539
0007502  10530
0007504  10530
0007506  10520
0007510  10502
0007512  10511
0007514  10520
0007516  10520
0007520  10502
0007522  10502
0007524  10502
0007526  10511
0007530  10502
0007532  10483
0007534  10511
0007536  10511
0007540  10502
0007542  10483
0007544  10520
0007546  10483
0007550  10511
0007552  10493
0007554  10511
0007556  10530
0007560  10520
0007562  10520
0007564  10493
0007566  10511
0007570  10520
0007572  10539
0007574  10511
0007576  10502
0007600  10493
0007602  10511
0007604  10511
0007606  10520
0007610  10539
0007612  10539
0007614  10511
0007616  10520
0007620  10520
0007622  10502
0007624  10520
0007626  10511
0007630  10493
0007632  10493
0007634  10530
0007636  10511
0007640  10493
0007642  10502
0007644  10419
0007646  10520
0007650  10520
0007652  10520
0007654  10567
0007656  10539
0007660  10502
0007662  10511
0007664  10511
0007666  10511
0007670  10511
0007672  10511
0007674  10511
0007676  10539
0007700  10530
0007702  10520
0007704  10502
0007706  10502
0007710  10539
0007712  10539
0007714  10557
0007716  10557
0007720  10548
0007722  10530
0007724  10502
0007726  10539
0007730  10520
0007732  10520
0007734  10511
0007736  10557
0007740  10530
0007742  10539
0007744  10567
0007746  10511
0007750  10567
0007752  10557
0007754  10530
0007756  10530
0007760  10539
0007762  10548
0007764  10548
0007766  10520
0007770  10548
0007772  10530
0007774  10567
0007776  10557
0010000  10557
0010002  10576
0010004  10576
0010006  10567
0010010  10520
0010012  10539
0010014  10520
0010016  10557
0010020  10585
0010022  10557
0010024  10539
0010026  10483
0010030  10465
0010032  10483
0010034  10493
0010036  10483
0010040  10502
0010042  10511
0010044  10511
0010046  10483
0010050  10483
0010052  10493
0010054  10483
0010056  10474
0010060  10465
0010062  10493
0010064  10465
0010066  10456
0010070  10474
0010072  10456
0010074  10483
0010076  10465
0010100  10456
0010102  10474
0010104  10465
0010106  10446
0010110  10511
0010112  10483
0010114  10483
0010116  10483
0010120  10493
0010122  10437
0010124  10493
0010126  10465
0010130  10493
0010132  10502
0010134  10474
0010136  10483
0010140  10474
0010142  10502
0010144  10483
0010146  10483
0010150  10446
0010152  10474
0010154  10483
0010156  10502
0010160  10456
0010162  10483
0010164  10474
0010166  10474
0010170  10502
0010172  10465
0010174  10493
0010176  10511
0010200  10502
0010202  10502
0010204  10502
0010206  10474
0010210  10511
0010212  10483
0010214  10483
0010216  10511
0010220  10502
0010222  10502
0010224  10483
0010226  10511
0010230  10530
0010232  10474
0010234  10465
0010236  10493
0010240  10474
0010242  10502
0010244  10493
0010246  10483
0010250  10493
0010252  10502
0010254  10502
0010256  10502
0010260  10493
0010262  10511
0010264  10483
0010266  10502
0010270  10493
0010272  10465
0010274  10511
0010276  10493
0010300  10474
0010302  10483
0010304  10465
0010306  10493
0010310  10511
0010312  10520
0010314  10530
0010316  10520
0010320  10483
0010322  10502
0010324  10502
0010326  10483
0010330  10520
0010332  10502
0010334  10502
0010336  10502
0010340  10483
0010342  10539
0010344  10474
0010346  10502
0010350  10483
0010352  10474
0010354  10483
0010356  10465
0010360  10483
0010362  10493
0010364  10483
0010366  10493
0010370  10493
0010372  10474
0010374  10483
0010376  10446
0010400  10474
0010402  10493
0010404  10502
0010406  10474
0010410  10474
0010412  10502
0010414  10456
0010416  10483
0010420  10502
0010422  10483
0010424  10483
0010426  10502
0010430  10483
0010432  10493
0010434  10493
0010436  10456
0010440  10502
0010442  10456
0010444  10483
0010446  10483
0010450  10474
0010452  10419
0010454  10539
0010456  10530
0010460  10539
0010462  10530
0010464  10557
0010466  10548
0010470  10567
0010472  10567
0010474  10530
0010476  10483
0010500  10493
0010502  10465
0010504  10465
0010506  10502
0010510  10456
0010512  10502
0010514  10483
0010516  10493
0010520  10493
0010522  10557
0010524  10502
0010526  10493
0010530  10511
0010532   9994
0010534  10437
0010536  10520
0010540  10576
0010542  10567
0010544  10576
0010546  10567
0010550  10548
0010552  10576
0010554  10576
0010556  10567
0010560  10548
0010562  10603
0010564  10668
0010566  10603
0010570  10576
0010572  10613
0010574  10613
0010576  10585
0010600  10603
0010602  10613
0010604  10622
0010606  10548
0010610  10530
0010612  10594
0010614  10557
0010616  10557
0010620  10548
0010622  10548
0010624  10548
0010626  10400
0010630     -1
0010632     -1
0010634     -1
0010636     -1
0010640     -1
0010642     -1
0010644     -1
0010646     -1
0010650     -1
0010652     -1
0010654     -1
0010656     -1
0010660     -1
0010662     -1
0010664     -1
0010666     -1
0010670     -1
0010672     -1
0010674     -1
0010676     -1
0010700     -1
0010702     -1
0010704     -1
0010706     -1
0010710     -1
0010712     -1
0010714     -1
0010716     -1
0010720     -1
0010722     -1
0010724     -1
0010726     -1
0010730     -1
0010732     -1
0010734     -1
0010736     -1
0010740     -1
0010742     -1
0010744     -1
0010746     -1
0010750     -1
0010752     -1
0010754     -1
0010756     -1
0010760     -1
0010762     -1
0010764     -1
0010766     -1
0010770     -1
0010772     -1
0010774     -1
0010776     -1
0011000     -1
0011002     -1
0011004     -1
0011006     -1
0011010     -1
0011012     -1
0011014     -1
0011016     -1
0011020     -1
0011022     -1
0011024     -1
0011026     -1
0011030     -1
0011032     -1
0011034     -1
0011036     -1
0011040     -1
0011042     -1
0011044     -1
0011046     -1
0011050     -1
0011052     -1
0011054     -1
0011056     -1
0011060     -1
0011062     -1
0011064     -1
0011066     -1
0011070     -1
0011072     -1
0011074     -1
0011076     -1
0011100     -1
0011102     -1
0011104     -1
0011106     -1
0011110     -1
0011112     -1
0011114     -1
0011116     -1
0011120     -1
0011122     -1
0011124     -1
0011126     -1
0011130     -1
0011132     -1
0011134     -1
0011136     -1
0011140     -1
0011142     -1
0011144     -1
0011146     -1
0011150     -1
0011152     -1
0011154     -1
0011156     -1
0011160     -1
0011162     -1
0011164     -1
0011166     -1
0011170     -1
0011172     -1
0011174     -1
0011176     -1
0011200     -1
0011202     -1
0011204     -1
0011206     -1
0011210     -1
0011212     -1
0011214     -1
0011216     -1
0011220     -1
0011222     -1
0011224     -1
0011226     -1
0011230     -1
0011232     -1
0011234     -1
0011236     -1
0011240     -1
0011242     -1
0011244     -1
0011246     -1
0011250     -1
0011252     -1
0011254     -1
0011256     -1
0011260     -1
0011262     -1
0011264     -1
0011266     -1
0011270     -1
0011272     -1
0011274     -1
0011276     -1
0011300     -1
0011302     -1
0011304     -1
0011306     -1
0011310     -1
0011312     -1
0011314     -1
0011316     -1
0011320     -1
0011322     -1
0011324     -1
0011326     -1
0011330     -1
0011332     -1
0011334     -1
0011336     -1
0011340     -1
0011342     -1
0011344     -1
0011346     -1
0011350     -1
0011352     -1
0011354     -1
0011356     -1
0011360     -1
0011362     -1
0011364     -1
0011366     -1
0011370     -1
0011372     -1
0011374     -1
0011376     -1
0011400     -1
0011402     -1
0011404     -1
0011406     -1
0011410     -1
0011412     -1
0011414     -1
0011416     -1
0011420     -1
0011422     -1
0011424     -1
0011426     -1
0011430     -1
0011432     -1
0011434     -1
0011436     -1
0011440     -1
0011442     -1
0011444     -1
0011446     -1
0011450     -1
0011452     -1
0011454     -1
0011456     -1
0011460     -1
0011462     -1
0011464     -1
0011466     -1
0011470     -1
0011472     -1
0011474     -1
0011476     -1
0011500     -1
0011502     -1
0011504     -1
0011506     -1
0011510     -1
0011512     -1
0011514     -1
0011516     -1
0011520     -1
0011522     -1
0011524     -1
0011526     -1
0011530     -1
0011532     -1
0011534     -1
0011536     -1
0011540     -1
0011542     -1
0011544     -1
0011546     -1
0011550     -1
0011552     -1
0011554     -1
0011556     -1
0011560     -1
0011562     -1
0011564     -1
0011566     -1
0011570     -1
0011572     -1
0011574     -1
0011576     -1
0011600     -1
0011602     -1
0011604     -1
0011606     -1
0011610
