0000000   7094
0000002   7094
0000004   7057
0000006   7057
0000010   7039
0000012   7030
0000014   6983
0000016   6974
0000020   6993
0000022   6974
0000024   6956
0000026   6965
0000030   6919
0000032   6900
0000034   6900
0000036   6937
0000040   6882
0000042   6946
0000044   6983
0000046   6873
0000050   6882
0000052   6836
0000054   6836
0000056   6826
0000060   6836
0000062   6771
0000064   6743
0000066   6771
0000070   6743
0000072   6753
0000074   6762
0000076   6734
0000100   6753
0000102   6706
0000104   7066
0000106   7150
0000110   7002
0000112   7020
0000114   7519
0000116     -1
0000120     -1
0000122     -1
0000124     -1
0000126     -1
0000130     -1
0000132     -1
0000134     -1
0000136     -1
0000140     -1
0000142     -1
0000144     -1
0000146     -1
0000150     -1
0000152     -1
0000154     -1
0000156     -1
0000160     -1
0000162   7039
0000164   7030
0000166   7002
0000170   6965
0000172   6993
0000174   6993
0000176   7168
0000200   7159
0000202   7085
0000204   7039
0000206   7057
0000210   7085
0000212   7085
0000214   7085
0000216   7085
0000220   7048
0000222   7094
0000224   7103
0000226   7140
0000230   7168
0000232   7196
0000234   7150
0000236   7113
0000240   7131
0000242   7131
0000244   7103
0000246   7113
0000250   7113
0000252   7103
0000254   7057
0000256   7168
0000260   7168
0000262   7159
0000264   7122
0000266   7150
0000270   7177
0000272   7168
0000274   7113
0000276   7113
0000300     -1
0000302     -1
0000304     -1
0000306     -1
0000310     -1
0000312     -1
0000314     -1
0000316     -1
0000320     -1
0000322     -1
0000324     -1
0000326     -1
0000330     -1
0000332     -1
0000334     -1
0000336     -1
0000340     -1
0000342     -1
0000344     -1
0000346     -1
0000350     -1
0000352     -1
0000354     -1
0000356     -1
0000360     -1
0000362     -1
0000364     -1
0000366     -1
0000370     -1
0000372     -1
0000374     -1
0000376     -1
0000400
