0000000   9892
0000002   9043
0000004   7999
0000006   9144
0000010   9514
0000012   9708
0000014   9819
0000016   9763
0000020   9994
0000022  10216
0000024  10049
0000026   8202
0000030   8018
0000032   7833
0000034   7768
0000036   7722
0000040   7685
0000042   7658
0000044   7630
0000046   7621
0000050   7621
0000052   7574
0000054   7565
0000056   7556
0000060   7556
0000062   7547
0000064   7528
0000066   7528
0000070   7510
0000072   7482
0000074   7501
0000076   7482
0000100   7464
0000102   7445
0000104   7436
0000106   7417
0000110   7427
0000112   7417
0000114   7408
0000116   7380
0000120   7390
0000122   7362
0000124   7353
0000126   7344
0000130   7344
0000132   7344
0000134   7325
0000136   7316
0000140   7325
0000142   7334
0000144   7334
0000146   7334
0000150   7334
0000152   7417
0000154   7565
0000156   7565
0000160   7519
0000162   7528
0000164   7491
0000166   7482
0000170   7482
0000172   7454
0000174   7510
0000176   7565
0000200   7501
0000202   7454
0000204   7547
0000206   7556
0000210   7778
0000212   7953
0000214   8055
0000216   7824
0000220   7704
0000222   7694
0000224   7704
0000226   7713
0000230   7713
0000232   7731
0000234   7722
0000236   7741
0000240   7722
0000242   7741
0000244   7731
0000246   7731
0000250   7731
0000252   7667
0000254   7685
0000256   7685
0000260   7667
0000262   7694
0000264   7722
0000266   7778
0000270   7796
0000272   7778
0000274   7778
0000276   7796
0000300   7815
0000302   7787
0000304   7778
0000306   7750
0000310   7741
0000312   7722
0000314   7731
0000316   7750
0000320   7759
0000322   7741
0000324   7741
0000326   7731
0000330   7704
0000332   7704
0000334   7704
0000336   7685
0000340   7676
0000342   7658
0000344   7630
0000346   7667
0000350   7639
0000352   7630
0000354   7621
0000356   7630
0000360   7611
0000362   7602
0000364   7593
0000366   7574
0000370   7565
0000372   7565
0000374   7565
0000376   7556
0000400   7556
0000402   7537
0000404   7519
0000406   7491
0000410   7501
0000412   7482
0000414   7491
0000416   7482
0000420   7473
0000422   7464
0000424   7454
0000426   7436
0000430   7427
0000432   7427
0000434   7417
0000436   7408
0000440   7445
0000442   7436
0000444   7445
0000446   7427
0000450   7417
0000452   7464
0000454   7464
0000456   7473
0000460   7491
0000462   7482
0000464   7473
0000466   7473
0000470   7501
0000472   7501
0000474   7491
0000476   7510
0000500   7501
0000502   7501
0000504   7565
0000506   7547
0000510   7556
0000512   7547
0000514   7547
0000516   7537
0000520   7556
0000522   7547
0000524   7556
0000526   7584
0000530   7593
0000532   7611
0000534   7630
0000536   7648
0000540   7667
0000542   7685
0000544   7694
0000546   7713
0000550   7731
0000552   7722
0000554   7741
0000556   7750
0000560   7731
0000562   7759
0000564   7759
0000566   7768
0000570   7722
0000572   7658
0000574   7639
0000576   7658
0000600   7639
0000602     -1
0000604     -1
0000606     -1
0000610     -1
0000612     -1
0000614     -1
0000616     -1
0000620     -1
0000622     -1
0000624     -1
0000626     -1
0000630     -1
0000632     -1
0000634     -1
0000636     -1
0000640     -1
0000642     -1
0000644     -1
0000646     -1
0000650     -1
0000652     -1
0000654     -1
0000656     -1
0000660     -1
0000662     -1
0000664     -1
0000666     -1
0000670     -1
0000672     -1
0000674     -1
0000676     -1
0000700     -1
0000702     -1
0000704     -1
0000706     -1
0000710     -1
0000712     -1
0000714     -1
0000716     -1
0000720     -1
0000722     -1
0000724     -1
0000726     -1
0000730     -1
0000732     -1
0000734     -1
0000736     -1
0000740     -1
0000742     -1
0000744     -1
0000746     -1
0000750     -1
0000752     -1
0000754     -1
0000756     -1
0000760     -1
0000762     -1
0000764     -1
0000766     -1
0000770     -1
0000772     -1
0000774     -1
0000776     -1
0001000     -1
0001002     -1
0001004     -1
0001006     -1
0001010     -1
0001012     -1
0001014     -1
0001016     -1
0001020     -1
0001022     -1
0001024     -1
0001026     -1
0001030     -1
0001032     -1
0001034     -1
0001036     -1
0001040     -1
0001042     -1
0001044     -1
0001046     -1
0001050     -1
0001052     -1
0001054     -1
0001056     -1
0001060     -1
0001062     -1
0001064     -1
0001066     -1
0001070     -1
0001072     -1
0001074     -1
0001076     -1
0001100     -1
0001102     -1
0001104     -1
0001106     -1
0001110     -1
0001112     -1
0001114     -1
0001116     -1
0001120     -1
0001122     -1
0001124     -1
0001126     -1
0001130     -1
0001132     -1
0001134     -1
0001136     -1
0001140     -1
0001142     -1
0001144     -1
0001146     -1
0001150     -1
0001152     -1
0001154     -1
0001156     -1
0001160     -1
0001162     -1
0001164     -1
0001166     -1
0001170     -1
0001172     -1
0001174     -1
0001176     -1
0001200     -1
0001202     -1
0001204     -1
0001206     -1
0001210     -1
0001212     -1
0001214     -1
0001216     -1
0001220     -1
0001222     -1
0001224     -1
0001226     -1
0001230     -1
0001232     -1
0001234     -1
0001236     -1
0001240     -1
0001242     -1
0001244     -1
0001246     -1
0001250     -1
0001252     -1
0001254     -1
0001256     -1
0001260     -1
0001262     -1
0001264     -1
0001266     -1
0001270     -1
0001272     -1
0001274     -1
0001276     -1
0001300     -1
0001302     -1
0001304     -1
0001306     -1
0001310     -1
0001312     -1
0001314     -1
0001316     -1
0001320     -1
0001322     -1
0001324     -1
0001326     -1
0001330     -1
0001332     -1
0001334     -1
0001336     -1
0001340     -1
0001342     -1
0001344     -1
0001346     -1
0001350     -1
0001352     -1
0001354     -1
0001356     -1
0001360     -1
0001362     -1
0001364     -1
0001366     -1
0001370     -1
0001372     -1
0001374     -1
0001376     -1
0001400     -1
0001402     -1
0001404     -1
0001406     -1
0001410     -1
0001412     -1
0001414     -1
0001416     -1
0001420     -1
0001422     -1
0001424     -1
0001426     -1
0001430     -1
0001432     -1
0001434     -1
0001436     -1
0001440     -1
0001442     -1
0001444     -1
0001446     -1
0001450     -1
0001452     -1
0001454     -1
0001456     -1
0001460     -1
0001462     -1
0001464     -1
0001466     -1
0001470     -1
0001472     -1
0001474     -1
0001476     -1
0001500     -1
0001502     -1
0001504     -1
0001506     -1
0001510     -1
0001512     -1
0001514     -1
0001516     -1
0001520     -1
0001522     -1
0001524     -1
0001526     -1
0001530     -1
0001532     -1
0001534     -1
0001536     -1
0001540     -1
0001542     -1
0001544     -1
0001546     -1
0001550     -1
0001552     -1
0001554     -1
0001556     -1
0001560     -1
0001562     -1
0001564     -1
0001566     -1
0001570     -1
0001572     -1
0001574     -1
0001576     -1
0001600     -1
0001602     -1
0001604     -1
0001606     -1
0001610     -1
0001612     -1
0001614     -1
0001616     -1
0001620     -1
0001622     -1
0001624     -1
0001626     -1
0001630     -1
0001632     -1
0001634     -1
0001636     -1
0001640     -1
0001642     -1
0001644     -1
0001646     -1
0001650     -1
0001652     -1
0001654     -1
0001656     -1
0001660     -1
0001662     -1
0001664     -1
0001666     -1
0001670     -1
0001672     -1
0001674     -1
0001676     -1
0001700     -1
0001702     -1
0001704     -1
0001706     -1
0001710     -1
0001712     -1
0001714     -1
0001716     -1
0001720     -1
0001722     -1
0001724     -1
0001726     -1
0001730     -1
0001732     -1
0001734     -1
0001736     -1
0001740     -1
0001742     -1
0001744     -1
0001746     -1
0001750     -1
0001752     -1
0001754     -1
0001756     -1
0001760     -1
0001762     -1
0001764     -1
0001766     -1
0001770     -1
0001772     -1
0001774     -1
0001776     -1
0002000
od -s -v -w2 test.dat
